-40.62 108.73 3.73365 0.195807 7702.06 0.000366404 0.541561
-40.62 108.73 3.73365 2.15384 6256.58 0.0170108 0.488071
-40.6287 108.724 3.73392 0.241088 7666.94 0.000477392 0.540324
-40.6555 108.706 3.73449 0.625195 7372.19 0.00194976 0.529815
-40.6952 108.679 3.73479 0.424655 7525.34 0.00106115 0.535306
-40.7705 108.628 3.73487 0.601678 7390.07 0.00183227 0.530459
-40.8652 108.564 3.73494 0.815175 7228.57 0.00303304 0.524615
-40.9913 108.479 3.73457 1.06368 7042.85 0.00481213 0.51781
-41.1574 108.367 3.73475 1.40104 6794.59 0.00785749 0.508588
-41.4342 108.179 3.73531 1.90052 6435.2 0.0136457 0.494959
-41.8351 107.905 3.73668 2.45633 6046.67 0.0215809 0.479833
-42.2834 107.596 3.73923 2.93775 5719.73 0.0290583 0.466764
-42.7504 107.269 3.7433 3.348 5448 0.034953 0.455641
-43.3963 106.808 3.7511 3.82288 5141.19 0.0397139 0.44275
-44.0497 106.329 3.76075 4.23432 4881.22 0.0395576 0.431468
-45.6051 105.139 3.78753 5.06193 4379.79 0.0304075 0.408751
-46.2531 104.624 3.79921 5.19243 4302.58 0.022844 0.405119
-47.02 104.004 3.80939 5.64186 4044.52 0.014436 0.392751
-47.9141 103.273 3.81979 5.93327 3881.32 0.00443339 0.384727
-48.7574 102.578 3.82566 6.13803 3768.75 -0.00305948 0.379102
-49.538 101.935 3.82832 6.39804 3628.5 -0.00841126 0.371984
-50.4516 101.186 3.82852 6.73115 3452.83 -0.0124208 0.362876
-51.5101 100.326 3.82588 6.99182 3318.41 -0.0140971 0.355751
-52.3894 99.6194 3.82174 7.19002 3218 -0.0134035 0.350333
-53.5281 98.7171 3.81496 7.39118 3117.66 -0.0104279 0.34483
-54.5895 97.8873 3.80809 7.5552 3037.02 -0.00626043 0.340342
-55.6847 97.0402 3.80317 7.80554 2916.04 -0.00236071 0.333493
-56.9356 96.079 3.79879 7.9918 2827.65 0.00204489 0.328397
-58.09 95.1942 3.79596 8.15459 2751.51 0.00585059 0.323944
-59.4008 94.1877 3.79609 8.34523 2663.68 0.00841382 0.318731
-60.6026 93.2594 3.79895 8.50772 2589.93 0.009128 0.314288
-61.9592 92.2017 3.80316 8.67678 2514.34 0.0124598 0.309667
-63.1973 91.2259 3.80718 8.82282 2449.9 0.0125299 0.305674
-64.5892 90.1141 3.81391 8.9768 2382.84 0.0108349 0.301462
-66.137 88.8569 3.82299 9.13501 2314.9 0.00738836 0.297134
-67.5585 87.6845 3.83027 9.27333 2256.32 0.00444879 0.293351
-68.8498 86.608 3.83498 9.39341 2206.08 0.00277813 0.290067
-70.445 85.269 3.83988 9.52706 2150.84 0.00132568 0.286412
-71.6169 84.2807 3.8419 9.62243 2111.86 0.00136721 0.283803
-72.9476 83.1561 3.84279 9.72289 2071.17 0.00252466 0.281056
-74.2908 82.0189 3.84425 9.8205 2032.02 0.00363982 0.278386
-75.4943 80.9973 3.84534 9.90226 1999.52 0.0049924 0.27615
-76.5539 80.0948 3.84637 9.9709 1972.43 0.00625782 0.274273
-77.9238 78.9221 3.84934 10.0555 1939.31 0.00700724 0.271961
-78.841 78.1322 3.85154 10.1096 1918.31 0.00625022 0.270481
-80.2219 76.9348 3.85528 10.1904 1887.08 0.00688596 0.268271
-81.454 75.8581 3.85896 10.256 1861.9 0.00725016 0.266475
-82.6896 74.77 3.86281 10.3187 1838.02 0.00751827 0.264761
-83.9282 73.6703 3.86687 10.3791 1815.15 0.00764048 0.263109
-85.3244 72.4193 3.87168 10.4438 1790.83 0.0075989 0.26134
-86.412 71.4362 3.87552 10.493 1772.42 0.00746889 0.259994
-87.6563 70.3019 3.87998 10.5464 1752.57 0.00724759 0.258534
-88.9017 69.1565 3.88443 10.5978 1733.58 0.00700079 0.257129
-90.3039 67.855 3.88937 10.6531 1713.23 0.00674828 0.255616
-91.8629 66.3932 3.89472 10.712 1691.71 0.00654717 0.254005
-93.1107 65.2123 3.89888 10.7569 1675.38 0.00682622 0.252777
-94.2027 64.1709 3.90244 10.7943 1661.85 0.00677862 0.251754
-95.4506 62.9717 3.90653 10.8354 1647.04 0.00673403 0.250629
-96.5424 61.9145 3.91014 10.8701 1634.62 0.00670273 0.249682
-97.7895 60.6974 3.91427 10.9081 1621.04 0.00669818 0.248643
-98.8802 59.6247 3.91788 10.9401 1609.65 0.00672976 0.247767
-100.126 58.3903 3.922 10.9753 1597.19 0.00680864 0.246806
-101.525 56.9909 3.92666 11.0131 1583.83 0.00694749 0.245771
-102.613 55.8946 3.93032 11.0415 1573.83 0.00707863 0.244994
-103.699 54.7915 3.93403 11.0686 1564.32 0.00721039 0.244253
-105.093 53.3633 3.93891 11.1022 1552.58 0.00737271 0.243334
-106.484 51.924 3.94389 11.1344 1541.35 0.0075157 0.242452
-107.871 50.4735 3.949 11.1652 1530.69 0.0117713 0.241614
-109.255 49.0118 3.95426 11.1945 1520.55 0.0120333 0.240812
-110.327 47.8659 3.95942 11.2162 1513.07 0.0114084 0.24022
-111.545 46.5455 3.9663 11.24 1504.86 0.00980747 0.239568
-112.908 45.0464 3.97432 11.2657 1496.01 0.0074737 0.238863
-113.812 44.0395 3.97941 11.2822 1490.35 0.00590187 0.238411
-114.862 42.8582 3.9846 11.3008 1484.01 0.00442009 0.237903
-116.209 41.3304 3.98997 11.3238 1476.18 0.00328743 0.237273
-117.403 39.9652 3.99366 11.3434 1469.53 0.0030338 0.236737
-118.744 38.4227 3.99684 11.3644 1462.42 0.00356422 0.236162
-119.934 37.0464 3.99913 11.3823 1456.39 0.00463128 0.235675
-121.124 35.6651 4.00139 11.3994 1450.6 0.00599078 0.235206
-123.496 32.8869 4.00682 11.432 1439.89 0.0119834 0.234319
-124.678 31.4891 4.0102 11.4474 1434.62 0.0145263 0.233898
-125.707 30.2591 4.01488 11.4598 1430.41 0.0155049 0.233558
-126.874 28.843 4.02239 11.4735 1425.79 0.0149045 0.233184
-128.172 27.2354 4.0325 11.4883 1420.78 0.0125835 0.232776
-129.456 25.6121 4.04313 11.5027 1415.96 0.00926497 0.232383
-130.725 23.9744 4.053 11.5164 1411.38 0.005844 0.232007
-131.983 22.3249 4.06103 11.5295 1407.03 0.00320429 0.231648
-133.371 20.4816 4.06745 11.5434 1402.42 0.00173008 0.231266
-134.614 18.8157 4.07128 11.5553 1398.5 0.00179223 0.23094
-135.993 16.9592 4.0739 11.5679 1394.33 0.00218852 0.230594
-137.507 14.9118 4.07587 11.581 1390.03 0.00485925 0.230236
-138.882 13.046 4.0776 11.5923 1386.32 0.00819965 0.229927
-139.979 11.5493 4.07983 11.6008 1383.54 0.0109146 0.229695
-141.478 9.48215 4.0854 11.6118 1379.95 0.0136684 0.229395
-142.827 7.59076 4.09292 11.6213 1376.84 0.0149751 0.229136
-144.159 5.68495 4.10267 11.6303 1373.88 0.0149702 0.228889
-145.471 3.76295 4.11393 11.6388 1371.07 0.014646 0.228655
-146.889 1.62937 4.12706 11.6478 1368.11 0.0127113 0.228408
-148.154 -0.327609 4.13901 11.6555 1365.58 0.010727 0.228195
-149.151 -1.90412 4.14792 11.6615 1363.64 0.00949318 0.228031
-150.381 -3.88667 4.15773 11.6686 1361.36 0.00888812 0.227838
-151.595 -5.88083 4.16625 11.6753 1359.2 0.00940124 0.227654
-152.913 -8.08652 4.17475 11.6823 1356.94 0.0110572 0.227462
-154.095 -10.1024 4.18241 11.6883 1355.01 0.0131541 0.227298
-155.029 -11.723 4.18914 11.6928 1353.56 0.0148262 0.227175
-155.837 -13.1475 4.1958 11.6965 1352.36 0.0160068 0.227073
-156.746 -14.7835 4.20445 11.7006 1351.05 0.0168667 0.226963
-157.75 -16.6352 4.21537 11.7049 1349.62 0.0171717 0.226842
-158.517 -18.084 4.22451 11.7082 1348.64 0.022962 0.226762
-159.376 -19.7491 4.23546 11.7118 1347.41 0.0225088 0.226663
-160.11 -21.2155 4.24666 11.7145 1346.46 0.0206541 0.226587
-160.926 -22.9029 4.26066 11.7178 1345.34 0.0171948 0.226495
-161.622 -24.3888 4.27283 11.7207 1344.36 0.0137496 0.226413
-162.493 -26.3107 4.287 11.7244 1343.15 0.00980722 0.226309
-163.248 -28.0282 4.29772 11.7276 1342.14 0.00728503 0.226221
-164.081 -29.9682 4.30714 11.7309 1341.1 0.00621349 0.226126
-164.72 -31.4815 4.31275 11.7334 1340.34 0.0145544 0.226067
-165.352 -32.9981 4.31744 11.7358 1339.55 0.0163278 0.226002
-166.061 -34.7368 4.32458 11.738 1338.8 0.0172784 0.225938
-166.754 -36.4825 4.33377 11.7403 1338.05 0.0169037 0.225873
-167.678 -38.8952 4.34829 11.7434 1337.05 0.0151349 0.225784
-168.564 -41.3221 4.36343 11.7465 1336.07 0.012985 0.225695
-169.264 -43.3176 4.37526 11.7489 1335.52 0.0201321 0.22564
-170.017 -45.5438 4.38713 11.7515 1334.61 0.0208511 0.225566
-170.738 -47.7808 4.4012 11.7534 1333.95 0.0200039 0.225507
-171.357 -49.8041 4.41567 11.7553 1333.33 0.0180081 0.225449
-172.009 -52.0631 4.43208 11.7575 1332.7 0.0156962 0.225385
-172.567 -54.1049 4.44609 11.7594 1332.16 0.0144774 0.225327
-173.04 -55.926 4.45748 11.761 1331.73 0.0145893 0.225278
-173.551 -57.9807 4.46917 11.7628 1331.29 0.0162467 0.225227
-174.038 -60.0413 4.48033 11.7644 1330.92 0.0193041 0.225181
-174.552 -62.3376 4.49333 11.7659 1330.56 0.0236762 0.225136
-174.984 -64.4109 4.5066 11.7671 1330.3 0.0278104 0.225104
-175.342 -66.2595 4.52051 11.7679 1330.12 0.0309801 0.22508
-175.707 -68.346 4.5389 11.7686 1329.77 0.0370572 0.225068
-176.029 -70.4398 4.55999 11.7692 1329.59 0.0368585 0.225044
-176.272 -72.3071 4.5817 11.7694 1329.53 0.0348737 0.22503
-176.513 -74.6486 4.61091 11.7703 1329.26 0.0310899 0.224996
-176.688 -76.9962 4.63996 11.7714 1329.31 0.0339195 0.224987
-176.789 -79.1128 4.66481 11.7725 1328.8 0.031987 0.224944
-176.835 -80.9958 4.68682 11.7732 1328.58 0.0302984 0.224916
-176.838 -83.115 4.71113 11.7742 1328.35 0.0289041 0.224881
-176.8 -84.9986 4.73191 11.7751 1328.2 0.0286288 0.224851
-176.699 -87.3515 4.75666 11.7761 1328.07 0.0299264 0.224818
-176.524 -89.9363 4.78305 11.7771 1327.99 0.033283 0.224789
-176.304 -92.2815 4.80735 11.7777 1327.9 0.0460918 0.224802
-176.023 -94.6201 4.83372 11.7773 1327.94 0.0490606 0.224802
-175.703 -96.7156 4.86348 11.7762 1328.27 0.0481186 0.224824
-175.313 -98.7989 4.89743 11.7757 1328.36 0.0444691 0.224824
-174.905 -100.638 4.92871 11.776 1328.11 0.0452081 0.224824
-174.38 -102.692 4.96292 11.7767 1327.87 0.0393771 0.224787
-173.353 -106.072 5.01896 11.7774 1327.99 0.0308582 0.224751
-172.732 -107.851 5.0468 11.7784 1327.99 0.0282604 0.224719
-171.811 -110.273 5.07889 11.7799 1328.05 0.0300949 0.224684
-170.823 -112.669 5.10668 11.7808 1328.16 0.036956 0.224668
-169.868 -114.823 5.13147 11.7811 1328.28 0.0456897 0.22467
-168.853 -116.949 5.15947 11.7804 1328.95 0.0577243 0.224723
-167.654 -119.246 5.19729 11.7786 1329.32 0.0642366 0.22478
-166.225 -121.685 5.24911 11.776 1329.79 0.0642931 0.224855
-165.194 -123.261 5.28854 11.7746 1329.89 0.0602632 0.22489
-163.815 -125.17 5.34025 11.7741 1329.38 0.0479544 0.224878
-162.342 -127.007 5.3908 11.7751 1328.98 0.0378503 0.224851
-160.63 -128.952 5.43913 11.777 1328.56 0.0300809 0.224806
-159.171 -130.49 5.47218 11.7786 1328.3 0.0274328 0.22477
-157.671 -131.988 5.49916 11.78 1328.17 0.0319385 0.224753
-155.965 -133.612 5.52467 11.7809 1327.74 0.0376061 0.224736
-154.216 -135.192 5.55032 11.7812 1327.46 0.0437816 0.224736
-152.423 -136.72 5.57907 11.7807 1327.39 0.0482088 0.224756
-150.393 -138.331 5.61585 11.78 1327.3 0.0492449 0.224777
-148.492 -139.723 5.65315 11.7794 1327.16 0.0465333 0.224793
-146.736 -140.91 5.68862 11.7793 1326.9 0.0414851 0.224794
-144.737 -142.157 5.72765 11.7799 1326.52 0.0362921 0.224782
-142.281 -143.556 5.771 11.7811 1325.89 0.0281093 0.224747
-140.403 -144.543 5.8001 11.7821 1325.51 0.0226665 0.22472
-138.289 -145.584 5.82737 11.7834 1325.11 0.0188476 0.224686
-136.367 -146.481 5.84746 11.7843 1324.82 0.0178331 0.224662
-134.43 -147.345 5.86406 11.7851 1324.46 0.0189208 0.22464
-132.263 -148.273 5.88015 11.7859 1324.22 0.0219817 0.224623
-129.863 -149.253 5.89734 11.7864 1323.99 0.0261946 0.224611
-127.885 -150.022 5.91255 11.7866 1323.87 0.0291707 0.224608
-125.895 -150.756 5.93005 11.7866 1324.19 0.0364025 0.224624
-123.89 -151.45 5.94999 11.7865 1323.95 0.0370102 0.224627
-121.644 -152.164 5.97657 11.7859 1323.85 0.0334063 0.22464
-119.15 -152.874 6.00884 11.7859 1323.56 0.0251461 0.224635
-117.094 -153.396 6.03465 11.7865 1323.22 0.0168211 0.224616
-115.257 -153.822 6.05448 11.7873 1322.91 0.0101224 0.224592
-113.183 -154.27 6.07149 11.7882 1322.68 0.0050278 0.224568
-111.103 -154.693 6.0832 11.7889 1322.53 0.00289661 0.22455
-108.789 -155.145 6.09123 11.7895 1322.39 0.00383106 0.224535
-106.473 -155.586 6.09573 11.79 1322.51 0.00955762 0.224526
-104.387 -155.976 6.09889 11.7904 1322.22 0.0152977 0.224514
-102.066 -156.396 6.1046 11.7907 1322.03 0.0207788 0.224508
-99.9744 -156.755 6.11314 11.7907 1321.95 0.0236598 0.224507
-97.6453 -157.123 6.12688 11.7905 1321.96 0.0237763 0.224513
-95.3102 -157.451 6.14434 11.7905 1321.87 0.020587 0.224512
-93.4379 -157.682 6.15945 11.7906 1321.73 0.0101384 0.224503
-91.0931 -157.933 6.17755 11.7911 1321.61 0.00392773 0.22449
-88.5102 -158.175 6.19146 11.7918 1321.51 0.000213112 0.224473
-85.9255 -158.397 6.19865 11.7923 1321.42 0.00088227 0.224462
-84.2802 -158.533 6.20067 11.7925 1321.35 0.00333353 0.224455
-82.6347 -158.668 6.20179 11.7928 1321.25 0.00680382 0.224448
-80.5187 -158.837 6.20365 11.793 1321.13 0.0116594 0.224441
-78.8725 -158.963 6.20629 11.7931 1321.07 0.0151104 0.224439
-76.9904 -159.097 6.21162 11.7932 1321.03 0.01781 0.224438
-74.8718 -159.23 6.2204 11.7932 1321.02 0.0190722 0.22444
-72.5162 -159.349 6.23316 11.7931 1321.08 0.0201938 0.224442
-70.8664 -159.413 6.24333 11.7932 1320.99 0.0173834 0.224439
-68.9801 -159.463 6.25584 11.7932 1320.87 0.0131491 0.224436
-67.0934 -159.49 6.26799 11.7935 1320.71 0.00861658 0.224427
-64.4988 -159.497 6.28205 11.7939 1320.56 0.0033664 0.224415
-61.9042 -159.476 0.00920175 11.7943 1320.48 6.28253e-05 0.224405
-59.5455 -159.443 0.0147856 11.7946 1320.43 -0.000449296 0.224397
-57.4227 -159.408 0.0169454 11.7949 1320.39 0.00133043 0.224392
-55.3 -159.371 0.0175763 11.7951 1320.32 0.00469672 0.224387
-53.1772 -159.333 0.0183011 11.7952 1320.25 0.00865931 0.224382
-50.5827 -159.279 0.021182 11.7954 1320.19 0.0129117 0.224379
-48.4603 -159.224 0.0257419 11.7955 1320.17 0.0152872 0.224378
-46.1025 -159.145 0.0338016 11.7954 1320.19 0.015948 0.22438
-43.7458 -159.041 0.0446824 11.7953 1320.17 0.0143098 0.224381
-41.8616 -158.937 0.0544229 11.7954 1320.34 0.0182247 0.224384
-39.5082 -158.781 0.0668314 11.78 1325.15 0.0161098 0.224802
-37.3925 -158.613 0.0792225 11.7904 1321.73 0.0120964 0.224519
-35.2794 -158.418 0.0914969 11.7891 1322.07 0.00683962 0.224551
-33.1685 -158.202 0.102133 11.7882 1322.34 0.00145619 0.224575
-31.0595 -157.969 0.109798 11.7874 1322.64 -0.00292365 0.224599
-28.9517 -157.727 0.113839 11.7865 1322.96 -0.00549213 0.224624
-27.0782 -157.512 0.114436 11.7856 1323.24 -0.00595685 0.224647
-24.7361 -157.248 0.11208 11.7846 1323.56 -0.00427529 0.224674
-22.6275 -157.017 0.10849 11.7838 1323.96 0.00665718 0.224697
-20.5182 -156.794 0.105055 11.783 1324.14 0.0117193 0.224719
-18.6437 -156.594 0.105435 11.7822 1324.41 0.0139095 0.224743
-16.7701 -156.386 0.109599 11.7813 1324.69 0.0132113 0.224767
-14.6645 -156.135 0.11759 11.7805 1324.91 0.00936301 0.224788
-12.3277 -155.834 0.127889 11.7799 1325.04 0.00277865 0.224803
-10.2271 -155.546 0.135998 11.7796 1325.14 -0.00363651 0.224812
-8.12783 -155.248 0.140727 11.7792 1325.27 -0.00872931 0.224822
-5.79557 -154.916 0.141288 11.7787 1325.48 -0.01184 0.224838
-3.46217 -154.593 0.137228 11.7781 1325.7 -0.0118535 0.224855
-0.892909 -154.257 0.12882 11.7774 1325.89 -0.00854795 0.224873
0.977555 -154.029 0.121567 11.777 1325.98 -0.00464534 0.224883
2.61534 -153.839 0.115765 11.7767 1326.05 -0.00102199 0.22489
4.72206 -153.604 0.110376 11.7764 1326.27 0.0102915 0.2249
6.82932 -153.374 0.107632 11.7759 1326.44 0.0142407 0.224914
8.46783 -153.192 0.109295 11.7753 1326.69 0.0146268 0.224933
10.339 -152.973 0.115248 11.7747 1326.87 0.0118031 0.224949
11.9747 -152.769 0.122308 11.7744 1326.92 0.00737689 0.224956
13.609 -152.553 0.129423 11.7743 1326.91 0.00216379 0.224958
15.4752 -152.296 0.136009 11.7742 1326.9 -0.00359826 0.22496
17.1074 -152.065 0.139624 11.7741 1326.92 -0.00777523 0.224962
19.2058 -151.768 0.140534 11.7738 1327.03 -0.0110641 0.22497
21.0717 -151.51 0.137889 11.7736 1327.14 -0.0116817 0.224978
23.406 -151.2 0.131169 11.7732 1327.42 -0.00184296 0.224988
25.5089 -150.939 0.123482 11.7729 1327.36 0.00412053 0.224994
27.3792 -150.714 0.119084 11.7727 1327.38 0.00811639 0.225
29.2494 -150.49 0.118438 11.7725 1327.48 0.0096374 0.225008
31.1189 -150.261 0.121047 11.7722 1327.57 0.00873414 0.225015
32.9873 -150.022 0.125771 11.772 1327.61 0.00594802 0.22502
34.8543 -149.774 0.131197 11.772 1327.61 0.00213745 0.225021
36.7203 -149.517 0.135975 11.772 1327.59 -0.00176421 0.22502
38.5855 -149.255 0.139008 11.7719 1327.6 -0.00486809 0.225021
40.4505 -148.992 0.139741 11.7719 1327.62 -0.00654548 0.225022
42.316 -148.732 0.138382 11.7718 1327.66 -0.00668008 0.225024
44.4156 -148.446 0.134951 11.7717 1327.7 -0.00506746 0.225026
46.7498 -148.139 0.13004 11.7716 1327.73 -0.0016379 0.225028
48.6182 -147.901 0.126308 11.7715 1328.33 0.0268843 0.225045
50.7206 -147.638 0.124412 11.7705 1329.13 0.0311248 0.225085
53.0524 -147.317 0.136275 11.7684 1329.81 0.0250899 0.225141
55.3769 -146.948 0.157136 11.7677 1329.59 0.0106306 0.22515
57.693 -146.53 0.178701 11.7682 1329.04 -0.00678666 0.225125
59.5414 -146.171 0.190969 11.7687 1328.88 -0.0186992 0.225108
61.1579 -145.852 0.194587 11.7685 1329.09 -0.0246813 0.225114
63.0071 -145.498 0.190391 11.7676 1329.49 -0.0254959 0.225136
65.092 -145.125 0.177621 11.767 1329.68 -0.0194865 0.225149
66.7137 -144.854 0.166439 11.687 1355.53 -0.0125235 0.22733
68.3398 -144.605 0.154408 11.7823 1324.54 -0.00318727 0.224718
70.2007 -144.337 0.142828 11.8162 1313.64 0.0079319 0.223789
72.0651 -144.082 0.136325 11.7662 1329.81 0.0177334 0.225155
73.9299 -143.825 0.1361 11.7658 1330.06 0.0250519 0.225165
75.793 -143.555 0.142513 11.7663 1331.65 0.0585842 0.225222
77.6528 -143.262 0.15447 11.7656 1332.17 0.0596271 0.225256
79.5032 -142.92 0.180114 11.7605 1333.52 0.0497759 0.225383
81.1114 -142.568 0.209868 11.7594 1333.1 0.034456 0.225383
83.1629 -142.046 0.248267 11.7616 1331.51 0.0122077 0.225283
85.1985 -141.463 0.279018 11.7641 1330.45 -0.00704755 0.225184
87.2241 -140.846 0.296926 11.7658 1330.28 -0.018596 0.225116
89.2478 -140.221 0.30093 11.7664 1330.61 -0.0200479 0.225077
91.05 -139.677 0.295266 11.7669 1330.82 -0.0131095 0.225041
92.8576 -139.15 0.285288 11.7678 1333.23 0.0576205 0.22528
94.8966 -138.575 0.275239 11.7666 1337.01 0.0674485 0.225354
96.474 -138.105 0.2869 11.7555 1340.88 0.0606407 0.225573
98.0353 -137.586 0.314032 11.7512 1340.17 0.0432675 0.225522
99.798 -136.932 0.351082 11.7514 1337.56 0.0206172 0.225309
101.755 -136.129 0.388192 11.7547 1335.54 0.000457099 0.225027
103.48 -135.379 0.40981 11.757 1335.63 -0.00719959 0.224831
105.198 -134.613 0.420228 11.758 1336.94 -0.00389664 0.224695
107.13 -133.749 0.422006 11.7589 1336.6 0.0355981 0.224624
108.848 -132.981 0.421717 11.758 1337.54 0.0517015 0.224425
110.554 -132.188 0.434009 11.7552 1340.51 0.0647826 0.224388
112.237 -131.351 0.458641 11.7516 1343.9 0.0760305 0.224517
113.685 -130.57 0.488826 11.7479 1346.75 0.085262 0.224727
115.101 -129.734 0.52627 11.7441 1349.88 0.120301 0.224696
116.478 -128.837 0.569887 11.7407 1350.93 0.11397 0.224791
118.167 -127.57 0.642343 11.725 1355.47 0.104514 0.225399
119.576 -126.333 0.714328 11.7217 1356.54 0.0971061 0.225683
120.895 -124.999 0.785392 11.7233 1356.53 0.0928273 0.22581
122.27 -123.399 0.860541 11.726 1354.89 0.0974652 0.22572
123.395 -121.898 0.923791 11.7274 1354.62 0.0950613 0.225794
124.423 -120.329 0.986959 11.7269 1355.12 0.0944239 0.225914
125.459 -118.49 1.05765 11.7274 1355.1 0.0949103 0.225998
126.174 -117.012 1.11217 11.7278 1356.75 0.0971038 0.226139
126.891 -115.278 1.1744 11.728 1355.91 0.0991237 0.226176
127.428 -113.727 1.22946 11.7277 1355.04 0.0996825 0.226207
127.877 -112.148 1.28544 11.7274 1354.01 0.0983701 0.226228
128.279 -110.315 1.3502 11.7273 1352.63 0.0943233 0.226234
128.533 -108.694 1.40681 11.7279 1351.23 0.088756 0.226217
128.729 -106.592 1.47776 11.73 1348.53 0.079504 0.226139
128.782 -104.951 1.53056 11.7321 1346.94 0.0719665 0.226081
128.757 -103.308 1.57992 11.7347 1345.3 0.0645917 0.226009
128.643 -101.434 1.63147 11.7376 1343.61 0.0571729 0.225928
128.441 -99.5668 1.67768 11.7405 1342.77 0.0572739 0.225883
128.199 -97.9408 1.71423 11.7429 1341.15 0.0539599 0.225813
127.902 -96.3238 1.74868 11.7446 1339.9 0.0504365 0.225763
127.442 -94.2604 1.79067 11.747 1338.42 0.0451819 0.225696
127.028 -92.6687 1.82138 11.7489 1337.37 0.0407353 0.225642
126.57 -91.0889 1.84977 11.7509 1336.37 0.0364805 0.225586
125.997 -89.298 1.87923 11.7531 1336.31 0.0310103 0.225536
125.215 -87.081 1.91205 11.7557 1335 0.0281914 0.225465
124.543 -85.324 1.93509 11.7577 1334.02 0.0268462 0.225409
123.745 -83.3636 1.95804 11.7597 1333.07 0.0262903 0.225354
123.001 -81.6355 1.97691 11.7613 1332.33 0.0260392 0.22531
122.126 -79.7074 1.99713 11.763 1331.06 0.0106265 0.225231
121.317 -78.0081 2.01446 11.7644 1330.75 0.00688735 0.2252
120.382 -76.1077 2.02824 11.7662 1330.41 0.00685648 0.225161
119.644 -74.6348 2.0351 11.7675 1330.12 0.00999125 0.225132
118.899 -73.1656 2.04037 11.7686 1329.8 0.0148646 0.225106
118.036 -71.4916 2.04649 11.7698 1329.42 0.0211858 0.225079
117.16 -69.8246 2.05442 11.7707 1328.65 0.0116975 0.225031
116.151 -67.9614 2.06686 11.7715 1328.55 0.0129698 0.22502
115.352 -66.52 2.07581 11.7725 1328.32 0.0150458 0.224998
114.425 -64.8802 2.08498 11.7736 1328.05 0.0187615 0.224975
113.483 -63.2491 2.09442 11.7745 1327.76 0.0227929 0.224956
112.4 -61.4266 2.10675 11.7753 1327.45 0.0264603 0.224938
111.416 -59.8203 2.11987 11.7758 1327.19 0.0281484 0.224926
110.278 -58.0318 2.13735 11.7763 1326.88 0.0276232 0.224913
109.238 -56.4608 2.15464 11.7768 1326.57 0.0250806 0.224897
108.17 -54.9086 2.17256 11.7775 1326.21 0.0209885 0.224877
107.075 -53.3749 2.18999 11.7784 1325.8 0.0159427 0.22485
105.956 -51.8581 2.20562 11.7794 1325.39 0.0107439 0.224821
104.818 -50.3555 2.21863 11.7804 1325.03 0.00594244 0.224791
103.376 -48.4924 2.23072 11.7815 1324.64 0.000907019 0.224756
101.918 -46.6408 2.23858 11.7825 1324.31 -0.00323778 0.224723
100.453 -44.7949 2.2423 11.7834 1324.05 -0.00648808 0.224692
99.1343 -43.1339 2.24236 11.7841 1323.86 -0.00875471 0.224666
97.8196 -41.4692 2.23962 11.7846 1328.43 -0.0670204 0.224801
96.2264 -39.424 2.23156 11.7801 1332.07 -0.065387 0.224975
94.8475 -37.5155 2.19559 11.7707 1333.15 -0.0394578 0.225163
93.6873 -35.7431 2.15188 11.7697 1330.62 -0.00491159 0.225093
92.5917 -33.9296 2.11463 11.7723 1328.66 0.0271145 0.224949
91.5278 -32.0969 2.09578 11.7726 1329.35 0.0467328 0.224898
90.4553 -30.2697 2.09975 11.7687 1331.71 0.0487213 0.224959
89.3408 -28.4688 2.1228 11.7659 1332.92 0.0332875 0.224966
88.1714 -26.7032 2.15433 11.7656 1332.92 0.00569185 0.224901
87.0907 -25.1616 2.1801 11.7673 1332.69 -0.0238371 0.224817
85.7135 -23.2531 2.19716 11.7681 1333.76 -0.0596136 0.224802
84.6163 -21.7231 2.19486 11.7664 1335.83 -0.0841333 0.224887
83.4253 -19.9731 2.17006 11.757 1342.25 -0.112174 0.224879
82.0901 -17.7602 2.10978 11.7456 1346.74 -0.104537 0.22496
81.0422 -15.6604 2.03154 11.7334 1349.7 -0.0866494 0.225145
80.1749 -13.4807 1.94679 11.7327 1349.45 -0.0670274 0.225093
79.417 -11.0135 1.86178 11.7369 1348.92 -0.0553567 0.224338
78.8814 -8.72779 1.79744 11.7414 1350.78 -0.0495444 0.224386
78.4319 -6.18403 1.73984 11.7442 1355.06 -0.059681 0.224856
78.1336 -3.85421 1.69505 11.7454 1358.47 -0.0864025 0.225326
77.9444 -1.51312 1.64849 11.7435 1361.33 -0.121965 0.225754
77.8966 0.833744 1.58819 11.7366 1364.29 -0.154059 0.226166
78.0356 3.17365 1.50524 11.7175 1369.66 -0.175638 0.226777
78.4305 5.47888 1.39631 11.6911 1375.05 -0.176361 0.227484
79.1249 7.70702 1.26508 11.6715 1375.95 -0.154009 0.227929
80.1224 9.81444 1.12528 11.666 1371.85 -0.116011 0.227969
81.529 11.96 0.980348 11.6747 1364.93 -0.0661672 0.227652
82.7133 13.4055 0.891022 11.6874 1360.42 -0.0393772 0.227322
84.3141 15.1104 0.812619 11.7003 1356.42 -0.0135108 0.22698
86.1707 16.8947 0.759561 11.7088 1354.34 -0.00133226 0.22677
87.9033 18.471 0.735106 11.7143 1352.49 -0.00424733 0.22663
89.303 19.7179 0.726378 11.7178 1350.74 -0.018665 0.226539
90.8857 21.1127 0.721088 11.7215 1348.11 -0.034034 0.226428
92.6613 22.6439 0.710577 11.7244 1346.06 -0.0490805 0.226347
94.2863 23.9905 0.692298 11.7255 1345.1 -0.0568306 0.226319
95.9498 25.2893 0.663688 11.7255 1344.91 -0.0568276 0.226323
97.4674 26.3921 0.631329 11.7259 1344.07 -0.0506266 0.226303
99.0233 27.4406 0.595888 11.7277 1342.85 -0.0397372 0.226245
100.414 28.3142 0.565529 11.7303 1341.56 -0.0283076 0.226165
101.826 29.1518 0.538666 11.7335 1340.28 -0.0171355 0.226074
103.462 30.074 0.514175 11.737 1339.02 -0.00725027 0.225978
105.321 31.0792 0.494868 11.7403 1337.99 0.00182998 0.225888
106.983 31.9549 0.48442 11.7429 1337.27 0.00654907 0.22582
108.857 32.932 0.479655 11.7454 1336.57 0.00776622 0.225755
110.523 33.8024 0.480488 11.7474 1335.87 0.00544421 0.225698
112.186 34.6782 0.483815 11.7495 1335.12 0.00112905 0.22564
113.847 35.5598 0.487501 11.7516 1334.36 -0.0038319 0.225582
115.506 36.4447 0.489806 11.7535 1333.67 -0.00817078 0.225527
116.959 37.2185 0.489771 11.7551 1333.14 -0.0106471 0.225483
118.621 38.0977 0.486926 11.7567 1332.53 -0.00627488 0.225438
120.498 39.0763 0.481 11.7585 1331.92 -0.00387616 0.225387
122.38 40.0447 0.475394 11.7604 1331.3 -0.000982089 0.225334
123.847 40.7931 0.472167 11.7619 1330.85 0.00104456 0.225294
125.735 41.7519 0.46981 11.7636 1330.3 0.00312664 0.225244
127.204 42.497 0.469261 11.7649 1329.9 0.00440196 0.225208
128.882 43.35 0.470019 11.7663 1329.47 0.00546498 0.225168
130.768 44.3138 0.472243 11.7677 1329.01 0.00641722 0.225124
132.442 45.1756 0.475127 11.769 1328.63 0.00728308 0.225086
134.113 46.0436 0.478738 11.7702 1328.77 0.0296197 0.225082
135.572 46.8092 0.482653 11.7709 1328.73 0.0305936 0.225066
137.229 47.7044 0.494278 11.77 1328.94 0.0263307 0.225082
138.87 48.6284 0.511134 11.7705 1328.54 0.0176881 0.225057
140.495 49.5806 0.528686 11.7716 1327.93 0.00783077 0.22501
142.307 50.6792 0.545166 11.7731 1327.39 -0.0015071 0.224953
143.908 51.6718 0.554985 11.7743 1327.14 -0.00638719 0.224909
145.705 52.7961 0.559781 11.7753 1327.07 -0.00668179 0.22487
147.303 53.7943 0.559241 11.7761 1327.02 -0.00213245 0.224838
149.104 54.912 0.555987 11.7771 1326.9 0.00721339 0.224801
151.108 56.1492 0.553071 11.7781 1326.8 0.0206925 0.224763
152.511 57.0171 0.553992 11.7785 1326.92 0.0304717 0.224751
154.303 58.1489 0.562717 11.7781 1327.38 0.0405255 0.22476
156.467 59.574 0.583932 11.7774 1328.67 0.0643256 0.224846
158.587 61.0634 0.615136 11.7756 1329.08 0.0610461 0.224832
160.269 62.3518 0.653018 11.771 1330.22 0.0498929 0.224865
162.07 63.8675 0.701447 11.7705 1330.03 0.033152 0.224763
163.801 65.4633 0.747044 11.7722 1329.87 0.0187087 0.224608
165.473 67.1209 0.783161 11.7746 1330 0.0148101 0.224431
166.944 68.6472 0.805068 11.7759 1331.24 0.0178886 0.224321
168.231 70.023 0.818886 11.7767 1332.65 0.0285019 0.224279
169.501 71.4149 0.831261 11.7769 1334.22 0.0447875 0.224297
170.749 72.8271 0.84671 11.7759 1335.46 0.0658261 0.224313
171.962 74.2683 0.869377 11.7736 1337.71 0.0837427 0.224466
172.983 75.5617 0.897643 11.7687 1340.47 0.0976411 0.2247
174.084 77.088 0.941979 11.7605 1343.95 0.10888 0.225028
175.095 78.6736 0.997963 11.7531 1346.53 0.114386 0.22531
176.105 80.531 1.0715 11.746 1347.93 0.113179 0.225424
177.048 82.6813 1.16101 11.7413 1348.44 0.104405 0.225601
177.725 84.6825 1.24371 11.7397 1348.5 0.0951145 0.225703
178.241 86.7313 1.32357 11.7413 1347.31 0.0843093 0.225687
178.571 88.5806 1.38989 11.7439 1346.1 0.0762833 0.225641
178.769 90.2129 1.44308 11.7465 1345.06 0.0713132 0.225592
178.909 92.3227 1.50494 11.7499 1342.84 0.0683862 0.225495
178.934 94.2025 1.555 11.7519 1341.9 0.0665677 0.225458
178.875 96.0818 1.60211 11.7528 1341.24 0.0662251 0.225449
178.752 97.7226 1.64169 11.7535 1340.69 0.0664417 0.225443
178.5 99.823 1.69143 11.7543 1339.82 0.0718423 0.225445
178.097 102.139 1.7463 11.7548 1338.62 0.0700991 0.225428
177.562 104.428 1.80334 11.7543 1337.95 0.0650127 0.225438
176.896 106.682 1.86104 11.7551 1337.45 0.0644615 0.225444
176.02 109.115 1.92195 11.7568 1335.8 0.0545333 0.22538
175.101 111.279 1.97561 11.7581 1334.83 0.0438389 0.225333
174.076 113.396 2.02451 11.7606 1333.83 0.034003 0.225256
172.848 115.673 2.0697 11.7637 1332.96 0.0271268 0.225171
171.538 117.906 2.10538 11.7664 1332.58 0.0228541 0.225097
170.164 120.1 2.13363 11.7685 1332.24 0.0279661 0.225055
168.868 122.065 2.15519 11.77 1331.77 0.0368575 0.225024
167.801 123.617 2.17263 11.7706 1331.51 0.0450015 0.225019
166.421 125.523 2.19914 11.7704 1331.39 0.053065 0.225036
165.272 127.015 2.22507 11.7696 1331.43 0.0566292 0.225064
164.077 128.471 2.25591 11.7685 1331.44 0.0598531 0.225103
162.832 129.883 2.29057 11.7677 1331.23 0.0557252 0.225119
161.536 131.248 2.32803 11.7673 1330.88 0.0481864 0.225122
160.189 132.564 2.36557 11.7683 1330.19 0.0399886 0.225091
158.621 133.988 2.40442 11.77 1329.36 0.0295564 0.225034
157.368 135.059 2.4311 11.7715 1328.86 0.0225777 0.224991
156.093 136.103 2.45356 11.7731 1328.42 0.0176725 0.224946
154.799 137.125 2.47149 11.7745 1328.1 0.0154458 0.224908
153.305 138.272 2.4872 11.7758 1327.82 0.0161586 0.224874
151.796 139.4 2.49972 11.7768 1327.57 0.0195081 0.224847
150.273 140.511 2.51113 11.7776 1327.43 0.0266419 0.224835
148.737 141.602 2.52328 11.7782 1327.17 0.0318221 0.224821
146.989 142.802 2.5402 11.7782 1327.08 0.0360616 0.224822
145.613 143.71 2.55628 11.7781 1327.03 0.037622 0.224823
143.818 144.838 2.58032 11.7781 1326.85 0.036844 0.224819
142.198 145.801 2.60374 11.7782 1326.73 0.0344874 0.224812
140.555 146.724 2.62781 11.7787 1326.52 0.0313143 0.224797
138.472 147.825 2.65709 11.7795 1326.23 0.0273577 0.224771
136.997 148.561 2.67639 11.7802 1326.03 0.0251161 0.224751
135.081 149.471 2.69878 11.7812 1325.8 0.0237098 0.224725
133.579 150.151 2.71456 11.7819 1325.74 0.0250829 0.224712
131.633 150.994 2.73335 11.7826 1325.52 0.026739 0.224693
129.452 151.888 2.7539 11.7831 1325.36 0.0292066 0.22468
127.695 152.57 2.77101 11.7834 1325.26 0.0310394 0.224673
125.924 153.219 2.78924 11.7836 1325.2 0.0304067 0.224665
123.918 153.907 2.81116 11.7838 1325.17 0.031081 0.224663
121.671 154.619 2.83612 11.7841 1325.04 0.0315333 0.224656
119.635 155.211 2.85894 11.7845 1324.92 0.0316852 0.224649
117.585 155.756 2.8821 11.7847 1324.79 0.0314694 0.224643
115.982 156.146 2.90029 11.785 1324.68 0.0310314 0.224638
114.141 156.557 2.9211 11.7853 1324.5 0.0298711 0.224629
111.829 157.017 2.9469 11.7857 1324.34 0.0286819 0.224621
109.972 157.342 2.96708 11.786 1324.2 0.0277474 0.224613
107.642 157.698 2.99142 11.7865 1324 0.0267996 0.224601
105.07 158.027 3.01719 11.7871 1323.78 0.0259852 0.224589
102.725 158.27 3.0398 11.7875 1323.61 0.0269806 0.224582
100.61 158.445 3.05958 11.7879 1323.38 0.0264414 0.224572
98.2573 158.589 3.08163 11.7882 1323.19 0.0252201 0.224564
95.9015 158.682 3.1036 11.7885 1322.99 0.0234156 0.224554
93.5442 158.725 3.12487 11.789 1322.78 0.0210152 0.22454
91.4222 158.722 3.14294 11.7894 1322.63 0.0195002 0.224529
89.3004 158.685 3.1597 11.7899 1322.47 0.0185464 0.224517
86.9437 158.605 3.17683 11.7903 1322.31 0.0182728 0.224505
84.824 158.5 3.19125 11.7907 1322.21 0.0187316 0.224497
82.4707 158.349 3.20669 11.791 1322.07 0.0195218 0.224489
79.885 158.141 3.22364 11.7913 1321.94 0.0203442 0.224482
77.5378 157.913 3.23946 11.7915 1321.83 0.0206937 0.224476
75.1946 157.647 3.25584 11.7917 1321.72 0.0204454 0.224471
73.3234 157.405 3.26927 11.7919 1321.64 0.0197792 0.224467
71.2225 157.103 3.28447 11.7921 1321.53 0.0186652 0.224461
68.8936 156.731 3.30108 11.7924 1321.4 0.0177833 0.224455
66.8028 156.365 3.31546 11.7926 1321.29 0.0164207 0.224448
64.7173 155.97 3.32915 11.7929 1321.18 0.0151525 0.22444
61.9446 155.401 3.34615 11.7933 1321.05 0.0138476 0.224431
60.1013 154.998 3.35676 11.7935 1321 0.0143025 0.224426
58.0324 154.522 3.36782 11.7938 1320.88 0.0142012 0.224419
55.7397 153.968 3.37974 11.794 1320.78 0.0141049 0.224413
53.682 153.445 3.39038 11.7942 1320.69 0.0138887 0.224408
51.6299 152.901 3.40093 11.7944 1320.61 0.0135438 0.224402
49.5836 152.336 3.41134 11.7946 1320.54 0.0130986 0.224398
47.7696 151.816 3.42044 11.7947 1320.48 0.0126609 0.224393
45.9602 151.28 3.42932 11.7949 1320.42 0.0122395 0.224389
44.1554 150.728 3.43793 11.795 1320.37 0.0112883 0.224384
42.1306 150.089 3.44725 11.7952 1320.31 0.011044 0.224379
39.8874 149.359 3.45699 11.7954 1320.24 0.011128 0.224374
38.3212 148.836 3.46357 11.7955 1320.2 0.0113322 0.224371
36.5356 148.225 3.47099 11.7957 1320.15 0.0116249 0.224368
34.9769 147.679 3.4775 11.7958 1320.11 0.0164114 0.224369
33.2 147.043 3.48508 11.7958 1320.07 0.0165254 0.224367
31.4291 146.39 3.49417 11.7957 1320.08 0.0153613 0.22437
29.445 145.634 3.50567 11.7957 1320.03 0.0127064 0.224368
27.6888 144.943 3.51597 11.7958 1319.96 0.00979 0.224364
26.1574 144.325 3.52427 11.796 1319.9 0.00735595 0.224359
24.4125 143.606 3.53239 11.7962 1319.85 0.00516531 0.224353
22.6721 142.875 3.53888 11.7964 1319.8 0.00388041 0.224348
20.9352 142.137 3.54374 11.7965 1319.77 0.00367247 0.224344
19.201 141.392 3.5474 11.7967 1319.74 0.00441169 0.22434
17.4689 140.642 3.55035 11.7968 1319.71 0.00588504 0.224337
15.7391 139.886 3.5532 11.7969 1319.77 0.00684507 0.224335
14.0119 139.125 3.55654 11.797 1319.74 0.00914791 0.224333
12.0725 138.261 3.56108 11.797 1319.71 0.0115823 0.224333
10.1382 137.384 3.56691 11.797 1319.7 0.0134289 0.224333
8.42426 136.594 3.57339 11.797 1319.7 0.0142968 0.224334
6.7166 135.79 3.58115 11.7969 1319.7 0.014242 0.224335
5.01603 134.971 3.58985 11.7969 1319.67 0.0136205 0.224335
2.90094 133.925 3.6013 11.797 1319.63 0.0114778 0.224334
1.42748 133.179 3.60928 11.797 1319.6 0.00971803 0.224332
-0.459046 132.204 3.61869 11.7972 1319.55 0.00769109 0.224328
-2.12925 131.325 3.62603 11.7973 1319.52 0.00634443 0.224325
-4.20955 130.212 3.6336 11.7974 1319.48 0.00557085 0.224321
-6.0759 129.198 3.63916 11.7975 1319.45 0.00571798 0.224318
-7.52412 128.404 3.6429 11.7976 1319.44 0.00629273 0.224317
-9.17582 127.491 3.64689 11.7977 1319.41 0.00726367 0.224315
-10.8238 126.57 3.65093 11.7977 1319.38 0.0096814 0.224314
-12.8778 125.409 3.65654 11.7977 1319.37 0.0106877 0.224314
-14.9236 124.233 3.66355 11.7977 1319.37 0.0107406 0.224314
-16.9598 123.041 3.6717 11.7977 1319.35 0.00982083 0.224314
-18.9858 121.832 3.68032 11.7978 1319.32 0.00827389 0.224313
-20.3979 120.975 3.6862 11.7978 1319.3 0.00707711 0.224311
-21.8056 120.111 3.69159 11.7979 1319.28 0.0060649 0.224309
-23.6095 118.99 3.69762 11.798 1319.25 0.00521779 0.224307
-25.2082 117.986 3.70222 11.7981 1319.33 0.00668902 0.224307
-27.0018 116.849 3.70676 11.7981 1319.27 0.00749332 0.224305
-28.79 115.704 3.71147 11.7981 1319.23 0.00807165 0.224304
-30.5722 114.549 3.71667 11.7982 1319.21 0.00817771 0.224303
-32.3478 113.384 3.72232 11.7982 1319.21 0.00727407 0.224301
-34.3126 112.077 3.72888 11.7982 1319.16 0.00519745 0.224299
-36.4644 110.626 3.73576 11.7983 1319.12 0.0031165 0.224297
-38.2187 109.429 3.7405 11.7984 1319.11 0.00205531 0.224295
-39.9689 108.226 3.74395 11.7984 1319.1 0.00201315 0.224294
-42.1041 106.75 3.74678 11.7985 1319.1 0.00329107 0.224292
-44.0424 105.404 3.74874 11.7985 1319.16 0.00555805 0.224292
-46.1708 103.918 3.75139 11.7986 1319.13 0.00862628 0.224292
-47.9078 102.696 3.75466 11.7985 1319.13 0.0106984 0.224292
-49.4466 101.603 3.75899 11.7985 1319.14 0.0117071 0.224294
-51.1701 100.362 3.76557 11.7984 1319.16 0.0116419 0.224297
-53.0735 98.9673 3.77433 11.7983 1319.16 0.0103206 0.224298
-54.9639 97.5551 3.78369 11.7983 1319.14 0.00815035 0.224297
-56.4671 96.4132 3.79091 11.7984 1319.11 0.00624769 0.224296
-57.9632 95.262 3.79723 11.7985 1319.09 0.00468253 0.224293
-59.8253 93.8125 3.80359 11.7985 1319.07 0.00354159 0.224291
-61.4949 92.5 3.80803 11.7986 1319.06 0.00610504 0.224291
-62.9752 91.3285 3.8111 11.7986 1319.04 0.00678044 0.224289
-64.2673 90.2994 3.81395 11.7986 1319.04 0.00729607 0.22429
-65.9231 88.9695 3.81835 11.7986 1319.03 0.00745646 0.22429
-67.2063 87.9294 3.82221 11.7986 1319.03 0.00724947 0.22429
-68.6676 86.7342 3.8269 11.7986 1319.02 0.00674666 0.224289
-69.9415 85.6827 3.83108 11.7987 1319.02 0.00617859 0.224289
-71.3923 84.4749 3.8357 11.7987 1319 0.00554386 0.224288
-72.6574 83.4128 3.8395 11.7987 1319 0.00509533 0.224287
-74.0988 82.1937 3.84351 11.7988 1318.99 0.0047838 0.224286
-75.5358 80.9694 3.84717 11.7988 1318.98 0.00471061 0.224285
-76.7897 79.8941 3.85015 11.7988 1318.98 0.00483669 0.224284
-78.219 78.6609 3.85339 11.7988 1318.97 0.00516101 0.224284
-79.6444 77.423 3.8566 11.7988 1319.01 0.00477032 0.224283
-81.0656 76.1805 3.85989 11.7989 1319 0.00552587 0.224283
-82.6597 74.7771 3.86355 11.7989 1318.99 0.00652949 0.224282
-84.2483 73.3675 3.86742 11.7989 1318.99 0.00752745 0.224282
-85.6552 72.1087 3.87131 11.7989 1318.99 0.00820437 0.224283
-87.0563 70.8436 3.87576 11.7989 1318.99 0.00854128 0.224283
-88.4512 69.5715 3.88072 11.7988 1318.99 0.00851447 0.224284
-89.666 68.4523 3.88539 11.7988 1318.99 0.00823667 0.224284
-91.0479 67.166 3.89089 11.7988 1318.99 0.00772475 0.224284
-92.594 65.71 3.89706 11.7988 1318.98 0.00705537 0.224283
-94.3019 64.0816 3.90363 11.7989 1318.97 0.00664792 0.224282
-96.169 62.2783 3.91037 11.7989 1318.96 0.00606592 0.224282
-98.0246 60.4632 3.91665 11.7989 1318.96 0.00577718 0.224281
-99.5349 58.97 3.92143 11.7989 1318.95 0.00583008 0.22428
-100.872 57.637 3.92546 11.799 1318.95 0.00610046 0.22428
-102.535 55.9634 3.93035 11.799 1318.95 0.00666848 0.224279
-104.025 54.4501 3.9348 11.799 1318.95 0.00729113 0.224279
-105.344 53.0991 3.93895 11.799 1318.96 0.0078189 0.224279
-106.493 51.9121 3.94287 11.799 1318.96 0.00816338 0.224279
-107.962 50.3788 3.9483 11.7989 1318.98 0.0124528 0.224282
-109.423 48.8369 3.95421 11.7989 1319 0.0125832 0.224284
-110.711 47.4568 3.961 11.7987 1319.03 0.0114747 0.224287
-112.147 45.8924 3.96968 11.7987 1319.02 0.00916582 0.224287
-113.255 44.6671 3.97643 11.7987 1319 0.00706843 0.224286
-114.512 43.2587 3.98337 11.7988 1318.97 0.00490078 0.224284
-115.761 41.8434 3.98914 11.7988 1318.96 0.00331858 0.224282
-117.159 40.2447 3.99409 11.7989 1318.96 0.00250244 0.224281
-118.706 38.4626 3.99798 11.7989 1318.96 0.00281727 0.22428
-119.94 37.0336 4.00025 11.799 1318.96 0.00386814 0.224279
-121.171 35.6022 4.00226 11.799 1318.96 0.00540037 0.224278
-122.398 34.1678 4.00451 11.799 1318.97 0.00709687 0.224278
-123.774 32.5498 4.00782 11.799 1319.19 0.0122186 0.224283
-124.839 31.2872 4.01114 11.7989 1319.12 0.0142508 0.224283
-126.048 29.8374 4.0168 11.7987 1319.14 0.0152115 0.224289
-127.097 28.5611 4.02351 11.7986 1319.15 0.0146429 0.224293
-128.283 27.0924 4.03244 11.7984 1319.15 0.0127434 0.224295
-129.309 25.7982 4.04068 11.7984 1319.13 0.0103828 0.224295
-130.326 24.4961 4.04857 11.7985 1319.09 0.00787408 0.224293
-131.476 22.9997 4.05653 11.7986 1319.06 0.00534005 0.22429
-132.475 21.6843 4.06231 11.7986 1319.04 0.00368508 0.224287
-133.469 20.3647 4.0668 11.7987 1319.04 0.00281012 0.224286
-134.599 18.8526 4.07059 11.7988 1319.03 0.00276796 0.224283
-135.725 17.3375 4.07331 11.7988 1319.02 0.00258224 0.224281
-136.848 15.8199 4.0755 11.7988 1319.03 0.003854 0.22428
-137.688 14.6802 4.07696 11.7988 1319.04 0.0052273 0.22428
-138.666 13.3487 4.07887 11.7988 1319.05 0.0070406 0.22428
-139.779 11.8239 4.08169 11.7988 1319.08 0.00913326 0.22428
-140.748 10.4862 4.08494 11.7988 1319.1 0.0107875 0.224281
-141.985 8.75994 4.09054 11.7987 1319.14 0.012345 0.224283
-143.075 7.21824 4.09676 11.7986 1319.17 0.0131568 0.224285
-144.153 5.66866 4.10401 11.7985 1319.2 0.0134196 0.224287
-144.953 4.50082 4.10999 11.7985 1319.21 0.0132937 0.224288
-145.878 3.13195 4.11736 11.7984 1319.23 0.0135994 0.224289
-146.922 1.55905 4.12602 11.7984 1319.23 0.0129091 0.224289
-147.951 -0.0229579 4.13483 11.7984 1319.24 0.0120785 0.224289
-148.968 -1.6138 4.14352 11.7984 1319.25 0.011327 0.224288
-149.971 -3.21301 4.15186 11.7984 1319.26 0.0108319 0.224287
-150.838 -4.61874 4.15879 11.7985 1319.26 0.0107205 0.224286
-151.818 -6.2322 4.16632 11.7985 1319.28 0.0109935 0.224285
-152.786 -7.85275 4.1736 11.7985 1319.29 0.0116256 0.224285
-153.624 -9.27649 4.17996 11.7985 1319.31 0.0123852 0.224285
-154.57 -10.9103 4.18739 11.7985 1319.33 0.0133672 0.224285
-155.502 -12.5515 4.19521 11.7984 1319.36 0.0143213 0.224286
-156.421 -14.2005 4.20356 11.7983 1319.39 0.0151419 0.224288
-157.325 -15.8576 4.2125 11.7983 1319.42 0.0157322 0.22429
-158.103 -17.3147 4.22079 11.7982 1319.45 0.0160273 0.224291
-158.869 -18.7784 4.22948 11.7981 1319.52 0.0221371 0.224302
