Listening to port 4567

******************************************************************************
This program contains Ipopt, a library for large-scale nonlinear optimization.
 Ipopt is released as open source code under the Eclipse Public License (EPL).
         For more information visit http://projects.coin-or.org/Ipopt
******************************************************************************

-40.62 108.73 3.73365 0.391613 9464.28 0.00164687 1 49.9004
-40.62 108.73 3.73365 2.54543 8645.93 0.0146949 1 49.9004
-40.6604 108.703 3.73359 0.868418 9280.02 0.00349815 1 49.9004
-40.7733 108.626 3.73422 0.839383 9291.13 0.00335854 1 49.9004
-40.9356 108.516 3.73409 1.31108 9110.57 0.00582796 1 49.9004
-41.1824 108.349 3.73443 1.94464 8870.76 0.0100867 1 49.9004
-41.5816 108.078 3.73542 2.82457 8542.64 0.0171031 1 49.9004
-42.7041 107.308 3.74015 4.63235 7885.74 0.0283289 1 49.9004
-43.3686 106.844 3.74452 5.27835 7656.46 0.0290761 1 49.9005
-44.3337 106.154 3.75503 6.37964 7272.49 0.0259876 1 49.9035
-45.4447 105.337 3.76872 7.35905 6939.17 0.0200821 1 49.9035
-46.4336 104.593 3.78029 8.1033 6691.1 0.0148724 1 49.9035
-47.7915 103.548 3.79365 9.00238 6397.78 0.00903609 1 49.9035
-49.1261 102.502 3.80402 9.76493 6154.43 0.0048251 1 49.9035
-50.5663 101.358 3.81184 10.5704 5903.08 0.00187762 1 49.9035
-51.9342 100.262 3.81653 11.2548 5693.93 0.00034331 1 49.9035
-53.7597 98.7917 3.81995 12.0978 5441.86 -0.000441437 1 49.9035
-55.5117 97.3764 3.8214 12.842 5224.34 -0.00036955 1 49.9035
-57.5784 95.7052 3.82182 13.6527 4992.58 0.000325433 1 49.9035
-59.545 94.1148 3.82175 14.3681 4792.51 0.00128534 1 49.9035
-61.8461 92.2535 3.82184 15.1475 4577.5 0.002974 1 49.8977
-64.5139 90.0921 3.82278 15.9863 4353.35 0.00419039 1 49.8978
-67.0581 88.0226 3.82499 16.7324 4158.69 0.00514452 1 49.8977
-69.7098 85.8515 3.82871 17.4632 3972.38 0.00590685 1 49.8978
-72.1829 83.8082 3.83337 18.108 3811.53 0.00642321 1 49.8977
-74.7334 81.6782 3.83917 18.7408 3656.9 0.00680206 1 49.8977
-77.6522 79.2073 3.84681 19.4303 3492.1 0.00708893 1 49.8976
-80.3506 76.8875 3.85462 20.0386 3349.12 0.00742203 1 49.8945
-83.1118 74.4748 3.86318 20.6356 3212.41 0.00755464 1 49.8945
-86.2478 71.6827 3.87353 21.286 3066.71 0.00762267 1 49.8945
-89.4495 68.7713 3.88461 21.923 2927.3 0.00763485 1 49.8944
-92.3821 66.0473 3.8951 22.4851 2806.97 0.00761832 1 49.8944
-95.3587 63.2239 3.90599 23.0367 2689.89 0.00755429 1 49.8874
-99.0503 59.6365 3.91976 23.6971 2554.65 0.00751987 1 49.8873
-102.11 56.5887 3.93132 24.2262 2448.79 0.00751558 1 49.8873
-105.545 53.0823 3.94441 24.8026 2336.05 0.00754928 1 49.8873
-108.665 49.8182 3.95643 25.3112 2235.43 0.00757449 1 49.8682
-112.158 46.0701 3.9701 25.8652 2131.9 0.00757619 1 49.8681
-115.321 42.5871 3.98268 26.3541 2042.54 0.00763403 1 49.868
-118.851 38.5945 3.99693 26.8866 1947.35 0.00778216 1 49.8676
-122.039 34.8903 4.01007 27.3565 1865.27 0.00799744 1 49.8675
-125.585 30.6505 4.02509 27.8682 1770.95 0.0083986 1 49.8249
-128.777 26.7221 4.03906 28.3198 1695.76 0.00868112 1 49.8241
-132.316 22.2309 4.05527 28.8117 1615.76 0.00910295 1 49.8235
-135.84 17.6048 4.07234 29.2934 1526.14 0.00961683 1 49.7385
-138.992 13.3242 4.08853 29.7183 1460.26 0.0102655 1 49.737
-142.461 8.43553 4.10763 30.1811 1390.24 0.0111213 1 49.7356
-145.886 3.40454 4.12812 30.6342 1313.24 0.0120799 1 49.6646
-148.585 -0.725036 4.14567 30.9898 1261.95 0.012931 1 49.6624
-151.568 -5.48503 4.16701 31.3826 1206.64 0.0139225 1 49.6613
-155.436 -12.0254 4.19832 31.8948 1136.4 0.0152559 1 49.6587
-158.846 -18.2205 4.2298 32.3527 1018.17 0.0162476 1 49.2053
-161.811 -24.0222 4.26117 32.7596 965.501 0.0174881 1 49.1857
-164.348 -29.3847 4.29183 33.1181 920.563 0.0186912 1 49.1723
-166.998 -35.5017 4.32886 33.5081 651.838 0.0202858 1 47.1139
-169.675 -42.4239 4.37328 33.9271 593.824 0.0223804 1 46.9406
-171.442 -47.5845 4.40818 34.2249 172.928 0.0241658 1 41.5001
-173.408 -54.1825 4.45598 34.5893 132.434 0.0265263 1 41.0321
-174.76 -59.5753 4.4977 34.8743 102.32 0.0285145 1 40.6267
-176.013 -65.7577 4.54912 35.1878 70.1049 0.0307255 1 40.0491
-176.947 -72.0526 4.60546 35.494 498.22 0.0338627 -1 23.5195
-177.561 -79.1602 4.67413 35.8253 689.289 0.0369927 -1 21.8779
-177.693 -85.4023 4.73941 33.7936 523.821 0.0395322 -1 21.5891
-177.436 -91.2802 4.80577 31.8171 437.317 0.0423342 -1 20.6834
-176.644 -97.9476 4.88833 29.4671 286.204 0.0450394 -1 20.539
-175.391 -104.025 4.97181 27.187 181.836 0.0472387 -1 20.2714
-174.079 -108.551 5.03998 25.3819 113.248 0.0487218 -1 20.2207
-172.384 -113.105 5.11425 23.4296 64.7977 0.0499924 -1 20.1885
-170.7 -116.784 5.17933 21.727 44.6127 0.0507938 -1 20.8798
-168.31 -121.089 5.2617 19.5237 46.2699 0.0500705 1 20.8478
-166.061 -124.469 5.33188 17.5778 64.2854 0.0496348 1 20.8628
-163.501 -127.749 5.40359 17.6739 125.803 0.0464531 1 23.3853
-161.087 -130.435 5.46637 18.3824 112.249 0.0429927 1 23.9095
-157.841 -133.581 5.54271 19.2148 1715.94 0.0385869 1 40.723
-155.162 -135.863 5.59863 19.8243 1702.2 0.0352853 1 41.2754
-151.947 -138.305 5.65812 20.4891 1685.33 0.0319588 1 41.8627
-148.491 -140.637 5.71476 21.1402 1662.72 0.028969 1 42.3958
-144.805 -142.848 5.76822 21.7776 2751.81 0.026245 1 48.8974
-141.301 -144.726 5.81365 22.3403 2640.55 0.0240798 1 48.9313
-137.21 -146.685 5.86093 22.9534 2521.63 0.0220135 1 48.965
-132.924 -148.506 5.9051 23.5538 2542.52 0.0201921 1 49.6736
-127.998 -150.347 5.95055 24.2003 2415.03 0.0185133 1 49.6823
-123.337 -151.87 5.98941 24.7752 2332.87 0.0170038 1 49.8315
-118.514 -153.25 6.02613 25.3386 2225.29 0.0154792 1 49.8326
-114.041 -154.368 6.05736 25.8358 2132.36 0.014201 1 49.8334
-108.933 -155.475 6.08989 26.3776 2033.28 0.0129254 1 49.8343
-104.218 -156.351 6.11732 26.8557 1956.39 0.0121014 1 49.8807
-99.3967 -157.115 6.14304 27.3252 1874.1 0.0111331 1 49.8809
-93.9227 -157.836 6.16991 27.8366 1787.44 0.0101039 1 49.8909
-89.4586 -158.318 6.19017 28.2383 1720.06 0.0095228 1 49.8911
-84.3505 -158.762 6.2116 28.6824 1647.17 0.00896909 1 49.8914
-79.7368 -159.072 6.22954 29.0703 1584.84 0.008549 1 49.8916
-74.4674 -159.328 6.24866 29.499 1517.37 0.00813091 1 49.8918
-69.716 -159.474 6.26487 29.8735 1461.42 0.00749418 1 49.9038
-64.2979 -159.549 6.28232 30.2875 1398.8 0.00712738 1 49.9039
-58.8054 -159.532 0.0157583 30.6939 1338.74 0.00677277 1 49.904
-52.6191 -159.406 0.0333172 31.1366 1274.86 0.00636722 1 49.9041
-45.7169 -159.141 0.0517103 31.6132 1207.95 0.00585655 1 49.9042
-40.6363 -158.866 0.0643416 31.9654 1164.41 0.00558576 1 49.925
-34.2123 -158.426 0.0799569 32.3742 1109.66 0.00471938 1 49.925
-28.3709 -157.94 0.092929 32.7287 1063.09 0.00388915 1 49.925
-22.4699 -157.375 0.105107 33.0925 1017.83 0.00309473 1 49.9154
-15.847 -156.659 0.117267 33.4839 967.923 0.00189784 1 49.9153
-9.82787 -155.94 0.126847 33.8303 924.071 0.000868141 1 49.9153
-3.07599 -155.071 0.135554 34.2076 877.446 -0.000107962 1 49.9153
3.05794 -154.234 0.141418 34.5407 831.688 -0.000775346 1 49.8631
9.24614 -153.356 0.145378 34.8676 795.438 -0.00125731 1 49.8633
14.7926 -152.551 0.147354 35.1532 765.73 -0.00137145 1 49.8632
21.7866 -151.522 0.147998 35.5037 731.968 -0.00101838 1 49.8629
28.1395 -150.584 0.147279 35.8129 685.924 -0.000128333 1 49.7306
34.5473 -149.642 0.145926 36.1163 660.351 0.00110352 1 49.7297
40.2887 -148.802 0.144841 36.3814 639.035 0.00266558 1 49.7309
47.5242 -147.745 0.144641 36.7065 323.712 0.00511959 1 46.2143
54.0896 -146.781 0.146338 36.9933 319.057 0.00815647 1 46.2368
60.7026 -145.788 0.151091 37.2747 310.216 0.0119726 1 46.2235
68.0923 -144.629 0.160139 37.3933 297.66 0.0171603 1 46.1685
74.7849 -143.499 0.176431 37.8797 255.561 0.0222892 1 46.1446
82.2517 -142.084 0.202626 38.1298 1216.24 0.0308122 -1 20.2455
88.9832 -140.611 0.236435 38.3989 1220.79 0.038229 -1 20.225
95.4726 -138.937 0.281195 36.3117 1042.18 0.0516631 -1 20
102.165 -136.845 0.343513 34.0502 748.288 0.0625425 -1 20
108.281 -134.459 0.423016 31.8424 582.862 0.0764404 -1 20
114.794 -131.159 0.541432 29.2662 480.291 0.0900512 -1 20
120.318 -127.386 0.682574 26.7561 437.17 0.097899 -1 20
124.101 -123.931 0.815601 24.7267 374.857 0.102888 -1 20
127.616 -119.547 0.984854 22.3701 347.059 0.105605 -1 20
130.204 -114.735 1.16779 19.9248 343.351 0.106979 -1 20
131.594 -110.462 1.32703 17.7598 343.83 0.102128 1 20
132.211 -106.522 1.47146 15.6986 362.661 0.0955752 1 20.7632
132.282 -103.391 1.58281 15.984 361.379 0.0825453 1 21.9178
132.04 -100.459 1.6851 16.6442 360.105 0.0679364 1 23.5459
131.484 -97.4482 1.78266 17.3052 3946.91 0.0535742 1 48.9263
130.514 -94.0445 1.8802 18.0249 3759.94 0.0386901 1 49.0908
129.207 -90.6024 1.96387 18.7296 3568.3 0.0259795 1 49.1918
127.597 -87.1365 2.03313 19.4206 3468.52 0.0165407 1 49.6355
125.727 -83.6476 2.08645 20.0981 3292.74 0.00887763 1 49.6439
123.856 -80.4817 2.12214 20.6957 3149.16 0.00393944 1 49.6499
121.838 -77.2803 2.14689 21.2818 2557.78 -0.000369563 1 47.44
119.458 -73.6674 2.16461 21.9178 2442.83 -0.00176658 1 47.4761
117.214 -70.3542 2.17356 22.4803 2343.93 -0.0020469 1 47.5054
114.63 -66.5931 2.17775 23.0927 388.807 -0.00250615 1 33.3311
112.235 -63.1296 2.17838 23.6333 349.395 -0.00168104 1 33.3377
109.784 -59.5876 2.17714 24.1638 298.884 -0.00120074 1 33.2141
107.283 -55.9654 2.17513 24.6845 257.13 -0.00144398 1 33.1924
104.735 -52.2631 2.17305 25.1955 227.789 -0.00273026 1 33.2811
101.56 -47.6299 2.17035 25.8073 190.045 -0.00599575 1 33.1402
99.2122 -44.1852 2.16764 26.2435 180.304 -0.0095873 1 33.2226
96.2428 -39.7858 2.16142 26.7784 188.926 -0.0152518 -1 20.0001
93.5533 -35.7289 2.15151 27.2502 243.281 -0.0230496 -1 20.0001
90.7212 -31.3322 2.1346 25.2586 150.175 -0.029593 -1 20.0001
88.4276 -27.6104 2.11247 23.5176 93.7738 -0.035605 -1 20.0002
86.1778 -23.7188 2.07961 21.6336 61.9332 -0.0420595 -1 20.0002
84.249 -20.0734 2.03975 19.8034 106.329 -0.0553402 -1 20
82.6374 -16.6721 1.99471 18.0233 105.643 -0.0667309 1 20
81.3373 -13.5168 1.94234 16.2893 121.764 -0.0741121 1 20
80.0121 -9.48178 1.85771 16.77 127.237 -0.0918266 1 20
79.1626 -5.79504 1.76765 17.5599 95.1917 -0.100692 1 20
78.6752 -1.87223 1.65551 18.3242 91.7269 -0.104915 1 20
78.6471 1.86506 1.53482 18.9973 104.581 -0.105971 -1 20
79.0976 5.70779 1.39959 19.6571 122.58 -0.102734 -1 20
80.2621 9.98339 1.2387 17.5042 129.142 -0.0969619 1 20
81.7204 13.2971 1.10859 15.615 1171.61 -0.0935945 1 32.8477
83.3174 15.9735 1.00151 15.9176 1792.04 -0.0834828 1 37.3246
84.8622 18.0642 0.914102 16.5099 2145.37 -0.0725909 1 39.9734
87.1209 20.58 0.807129 17.2392 2428.86 -0.0581346 1 42.2816
90.0036 23.1857 0.698172 18.0271 3839.21 -0.041768 1 49.5835
93.2629 25.6025 0.602625 18.8 3630.32 -0.0269371 1 49.6054
96.5143 27.6364 0.53041 19.4877 3441.56 -0.0155414 1 49.5983
100.002 29.5372 0.47432 20.1636 3271.13 -0.00585266 1 49.6102
103.314 31.1598 0.437234 20.7591 3095.25 0.0012826 1 49.4657
106.769 32.732 0.413035 21.3428 2963.76 0.00658522 1 49.4728
109.942 34.1134 0.400918 21.8524 2853.66 0.0101134 1 49.4733
114.441 36.0299 0.396911 22.5395 2712.4 0.0134712 1 49.4774
119.075 38.0115 0.40401 23.211 2165.77 0.0155925 1 47.3405
123.385 39.9045 0.417778 23.8081 2051.34 0.0169782 1 47.2968
127.772 41.916 0.437936 24.3927 1935.69 0.0181063 1 47.2291
131.325 43.6298 0.457598 24.8505 1839.45 0.019022 1 47.1377
135.805 45.9207 0.485693 25.4132 25.0787 0.0203778 1 27.2633
140.766 48.6521 0.520393 26.0186 18.9415 0.0224629 1 26.9889
144.836 51.0663 0.551499 26.504 16.5131 0.0247607 0.999999 26.8162
149.35 53.9547 0.589461 27.0315 15.3547 0.0279683 -1 26.4632
154.711 57.7219 0.640339 27.1426 15.6732 0.0328306 -1 25.8436
158.827 60.9124 0.685456 25.1529 123.702 0.042747 -1 20
162.837 64.3429 0.737128 23.0293 60.444 0.0497463 -1 20
166.02 67.3782 0.789587 21.1541 41.4644 0.0572337 -1 20
168.512 70.0347 0.842207 19.5125 36.9433 0.0636877 1 20
171.507 73.7179 0.924592 17.1628 51.1319 0.0709038 1 20
173.656 76.8755 1.00122 17.7264 42.087 0.0768736 1 20
175.772 80.6896 1.10127 18.5649 35.9257 0.0821158 1 20
177.541 84.8923 1.21713 19.38 41.1172 0.0837758 1 20
178.833 89.4646 1.34803 20.1729 52.1766 0.0825408 -1 20
179.457 93.5203 1.46567 20.8171 58.719 0.078377 -1 20.0001
179.611 97.4777 1.57986 18.9987 60.0958 0.0747848 0.999983 20.0001
179.383 101.073 1.68084 17.232 75.8312 0.0715273 1 20.1526
178.751 104.752 1.78041 17.2722 74.0461 0.0660345 1 20.1449
177.924 107.815 1.86241 17.9136 101.354 0.0597476 1 22.0312
176.672 111.253 1.95261 18.6147 71.3107 0.0526989 1 21.7718
175.068 114.695 2.04002 19.3014 46.618 0.046025 1 21.6272
173.329 117.772 2.11372 19.9089 40.4249 0.0410257 1 22.6733
171.325 120.814 2.18146 20.5068 27.9337 0.0366924 1 23.0154
169.071 123.81 2.24373 21.0916 19.2956 0.033115 1 23.3855
166.288 127.072 2.30715 21.7297 12.9902 0.029854 1 23.8016
163.228 130.254 2.36573 22.3542 1056.66 0.0275454 1 39.4925
160.251 133.042 2.41471 22.9057 1257.35 0.0261089 1 41.5312
156.706 136.047 2.46562 23.5063 1167.07 0.0252222 1 41.4845
153.313 138.662 2.50908 24.0362 1087.33 0.0249132 1 41.4188
149.327 141.46 2.55571 24.6135 1202.04 0.0250294 1 42.844
145.55 143.872 2.59702 25.1228 1114.08 0.0254701 1 42.7043
141.149 146.421 2.64294 25.6773 766.288 0.0263115 1 40.4014
136.539 148.815 2.68976 26.2201 695.874 0.027219 1 40.2917
131.231 151.245 2.74308 26.8038 935.63 0.0280129 1 42.9861
127.218 152.861 2.78343 27.2196 885.697 0.028499 1 42.9835
121.498 154.847 2.84143 27.7795 1116.02 0.0285184 1 45.3531
116.651 156.247 2.89083 28.2278 1075.79 0.0282117 1 45.4739
111.101 157.54 2.94746 28.7158 1383.33 0.0274014 1 48.1398
105.392 158.535 3.00519 29.1933 1326.71 0.0260542 1 48.1969
100.133 159.16 3.05743 29.6146 1435.78 0.0247702 1 49.3484
94.1722 159.543 3.11493 30.0734 1395.74 0.0229356 1 49.5279
87.4977 159.577 3.17691 30.5671 1323.82 0.0206252 1 49.5339
81.3449 159.253 3.23088 31.0079 1285.32 0.0184052 1 49.7226
75.131 158.598 3.2821 31.4371 1221.66 0.0161313 1 49.7253
68.2448 157.51 3.33411 31.9039 1164.41 0.0137254 1 49.8089
61.9521 156.208 3.37707 32.317 1105.3 0.0117423 1 49.8098
55.0061 154.459 3.41935 32.7638 1048.64 0.00984946 1 49.8482
48.0425 152.405 3.4569 33.2004 991.204 0.00831091 1 49.8485
40.4316 149.849 3.49266 33.6664 935.814 0.0070357 1 49.8719
32.8085 146.998 3.52365 34.1214 881.889 0.00607001 1 49.8728
26.4465 144.418 3.54617 34.4925 839.842 0.00573643 1 49.8726
19.4373 141.387 3.56801 34.8922 795.9 0.00580489 1 49.8726
12.4152 138.172 3.58746 35.2831 753.016 0.00604871 1 49.886
6.02033 135.099 3.60402 35.631 714.727 0.00643869 1 49.886
-1.02422 131.559 3.62178 36.0055 675.325 0.0069913 1 49.8955
-8.07536 127.854 3.63972 36.3715 637.143 0.00751574 1 49.8956
-15.1263 123.981 3.65852 36.7293 602.006 0.00794846 1 49.9026
-22.1684 119.934 3.67846 37.0788 569.078 0.0082741 1 49.9027
-29.1915 115.704 3.69974 37.4203 539.278 0.00841098 1 49.9043
-36.1842 111.284 3.72227 37.754 509.299 0.00832398 1 49.9004
-43.7645 106.237 3.7481 38.1092 478.902 0.00815543 1 49.9035
-50.6573 101.397 3.77245 38.427 452.122 0.00781574 1 49.9035
-58.1043 95.8826 3.79936 38.7654 423.686 0.0073193 1 49.9035
-65.4654 90.1231 3.82613 39.0954 396.348 0.00666702 1 49.8977
-71.5287 85.1395 3.84794 39.3642 374.133 0.00617494 1 49.8976
-78.1208 79.4699 3.87094 39.6535 350.911 0.00574951 1 49.8976
-84.0426 74.1523 3.89074 39.9109 330.743 0.00558429 1 49.8945
-90.4793 68.1315 3.91136 40.1881 310.618 0.00552298 1 49.8944
-96.8357 61.9394 3.93093 40.459 291.399 0.00567281 1 49.8874
-103.112 55.5827 3.94989 40.7239 273.619 0.00605705 1 49.8873
-108.746 49.6651 3.96687 40.9595 257.087 0.00650601 1 49.8682
-114.86 43.0049 3.98587 41.2131 241.2 0.00724701 1 49.8678
-120.881 36.1859 4.00562 41.4608 226.013 0.0082024 1 49.8675
-126.264 29.8465 4.02474 41.681 211.071 0.00921355 1 49.8249
-132.07 22.7126 4.04769 41.9178 198.457 0.0104734 1 49.8238
-137.736 15.4018 4.07328 42.1487 181.853 0.0119056 1 49.7385
-143.236 7.90255 4.10213 42.3739 170.777 0.0135057 1 49.7365
-148.535 0.201575 4.13497 42.5933 158.18 0.0151625 1 49.6634
-153.596 -7.71512 4.17223 42.8066 151.628 0.0168224 1 49.6608
-158.789 -16.6127 4.21868 43.0332 148.202 0.0184802 1 49.6564
-162.804 -24.2475 4.26248 43.2155 123.856 0.0200299 1 49.185
-166.834 -32.8829 4.31603 43.4075 61.9029 0.0220611 1 47.1611
-170.401 -41.7651 4.37537 43.5998 52.724 0.0243829 1 46.9321
-173.184 -50.0465 4.43448 43.7615 41.5243 0.0269151 -1 41.2839
-175.667 -59.3683 4.50642 43.9354 54.4948 0.0299596 -1 40.4907
-177.292 -67.7226 4.57565 41.4386 1153.41 0.0336407 -1 23.76
-178.282 -75.6813 4.64644 39.0314 925.355 0.0370144 -1 23.2159
-178.678 -83.9426 4.72792 36.4382 822.408 0.0407523 -1 21.6456
-178.45 -90.9733 4.80555 34.1519 695.967 0.044052 -1 20.6838
-177.506 -98.7646 4.90198 31.5104 495.623 0.0470267 -1 20.5177
-175.766 -106.366 5.00901 28.7465 333.987 0.0494972 -1 20.2414
-174.013 -111.6 5.09151 26.68 231.073 0.0508276 -1 20.1973
-171.983 -116.295 5.17299 24.7007 141.884 0.0516168 -1 20.8848
-169.75 -120.458 5.25225 22.7568 108.464 0.0518072 -1 20.8487
-166.914 -124.779 5.34211 20.5255 94.2091 0.0502931 1 20.8638
-164.266 -128.135 5.41802 18.5388 143.903 0.0480682 1 23.4964
-161.781 -130.842 5.48207 18.6657 143.538 0.0445522 1 24.0541
-159.024 -133.469 5.54789 19.3542 1731.32 0.0400094 1 40.781
-155.998 -135.999 5.61289 20.0272 1712.99 0.0353318 1 41.4221
-152.713 -138.415 5.6754 20.6891 1691.32 0.0309672 1 42.0234
-149.181 -140.704 5.73415 21.3359 1667.28 0.0271089 1 42.5804
-145.417 -142.859 5.78814 21.9716 2716.68 0.023807 1 48.9124
-141.44 -144.882 5.83701 22.592 2592.61 0.0212263 1 48.9483
-137.689 -146.589 5.87748 23.1406 2485.9 0.0193667 1 48.977
-133.342 -148.361 5.91866 23.7373 2505.3 0.0177205 1 49.6762
-128.357 -150.16 5.96019 24.3801 2379.43 0.0164127 1 49.684
-123.172 -151.802 5.99858 25.0082 2286.75 0.0152574 1 49.8318
-117.799 -153.288 6.03451 25.6223 2170.89 0.0141598 1 49.8328
-112.247 -154.618 6.06846 26.2225 2060.56 0.013182 1 49.8337
-107.053 -155.691 6.09786 26.7566 1973.42 0.0125947 1 49.8806
-101.727 -156.633 6.12585 27.2797 1881.62 0.0117855 1 49.8808
-96.8256 -157.37 6.15004 27.7414 1802.43 0.0110817 1 49.8809
-90.1392 -158.188 6.18088 28.3437 1702.69 0.0102262 1 49.891
-84.4418 -158.726 6.20549 28.8343 1622.73 0.00963688 1 49.8913
-79.2216 -159.1 6.22667 29.2674 1553.79 0.0091274 1 49.8915
-72.1319 -159.436 6.25352 29.8323 1467.98 0.00817335 1 49.9037
-65.5096 -159.584 6.27697 30.338 1391.39 0.00754469 1 49.9038
-59.3925 -159.588 0.0139294 30.7879 1325.1 0.00698032 1 49.904
-53.1875 -159.471 0.0328908 31.2286 1261.81 0.00641122 1 49.9041
-46.8986 -159.236 0.0507447 31.6603 1201.37 0.00580853 1 49.9042
-41.1709 -158.927 0.0656734 32.038 1154.33 0.00540202 1 49.925
-34.7298 -158.479 0.0816138 32.4677 1096.91 0.00447351 1 49.925
-27.5641 -157.863 0.0974722 32.8957 1040.9 0.00340652 1 49.925
-20.3114 -157.127 0.11195 33.3321 986.367 0.00230107 1 49.9154
-12.9756 -156.281 0.124412 33.7581 932.5 0.0009871 1 49.9153
-6.23595 -155.429 0.133689 34.1367 885.656 -6.72845e-05 1 49.9153
0.57059 -154.51 0.140632 34.5079 841.705 -0.000863894 1 49.9153
8.13508 -153.44 0.145526 34.9074 790.78 -0.00148218 1 49.863
15.7811 -152.326 0.147741 35.298 751.254 -0.00158403 1 49.8632
22.8032 -151.291 0.147673 35.6455 700.762 -0.000919791 1 49.7306
30.6063 -150.143 0.145953 36.0194 668.081 0.00018858 1 49.7297
38.4914 -148.995 0.143638 36.3849 638.405 0.00213759 1 49.73
47.1849 -147.743 0.141953 36.7741 321.241 0.00517134 1 46.2488
55.2343 -146.585 0.142788 37.1224 311.808 0.00918027 1 46.2466
64.0966 -145.28 0.148968 37.4933 293.352 0.0149352 1 46.2295
73.0198 -143.888 0.162408 37.9004 249.56 0.0220775 1 46.1614
81.2613 -142.445 0.187012 38.1551 1207.23 0.0313295 -1 20.2485
89.5229 -140.744 0.226588 38.4874 1220.02 0.0406827 -1 20.2305
96.7407 -138.937 0.277154 36.1687 1006.65 0.0557805 -1 20
104.046 -136.646 0.350111 33.6804 738.174 0.0678575 -1 20
110.638 -133.968 0.4452 31.2604 625.219 0.0827535 -1 20
116.933 -130.552 0.57424 28.6953 576.18 0.0952022 -1 20
122.589 -126.304 0.738532 26.0027 540.278 0.102006 -1 20
127.221 -121.261 0.934353 23.2077 465.182 0.106875 -1 20
130.165 -116.409 1.11953 20.738 445.039 0.109027 -1 20
132.024 -111.325 1.31263 18.1837 427.489 0.105934 0.999999 20
132.761 -106.665 1.48915 15.6963 431.709 0.0961345 1 20.9016
132.764 -103.481 1.60855 16.2374 408.595 0.0797286 1 22.2818
132.315 -99.8396 1.73507 17.0536 397.073 0.060878 1 24.4735
131.384 -96.1067 1.85517 17.859 3825.73 0.0421358 1 49.0543
129.857 -91.9855 1.96601 18.7089 3582.46 0.0245667 1 49.194
127.867 -87.8416 2.05394 19.5364 3435.13 0.0117028 1 49.6382
125.492 -83.6778 2.11803 20.3455 3230.58 0.00198609 1 49.6492
123.043 -79.828 2.1571 21.0688 3069.67 -0.00372563 1 49.6565
120.15 -75.5589 2.18006 21.8361 2490.94 -0.00745805 1 47.5263
117.094 -71.1821 2.18744 22.5855 2366.57 -0.00724842 1 47.5497
114.46 -67.4296 2.18481 23.1958 432.224 -0.00669795 1 33.4047
111.503 -63.1743 2.17636 23.8528 372.705 -0.00420035 1 33.3164
108.778 -59.1803 2.16623 24.4361 308.419 -0.00227861 1 33.2071
105.748 -54.648 2.15596 25.0652 242.508 -0.00144779 1 33.0926
102.401 -49.5444 2.14741 25.736 191.651 -0.00278636 1 32.9944
99.2865 -44.7299 2.14222 26.3354 168.746 -0.00652288 1 32.9335
96.1253 -39.7906 2.13689 26.9213 206.656 -0.0123506 -1 20.0001
92.9314 -34.7212 2.1282 27.4937 281.691 -0.0224331 -1 20.0001
90.1674 -30.2249 2.11503 25.4953 180.964 -0.0297403 -1 20.0002
87.4538 -25.6117 2.09027 23.3659 107.215 -0.0379917 -1 20.0002
85.1066 -21.3203 2.05477 21.3014 71.8915 -0.0461372 -1 20.0002
82.6627 -16.3038 1.99756 18.7632 111.492 -0.0692721 1 20
81.0447 -12.399 1.93906 16.6124 114.521 -0.0807811 1 20
79.8642 -8.83227 1.86492 17.4408 104.687 -0.0978009 1 20
78.9021 -4.64812 1.75848 18.281 85.8764 -0.106306 1 20
78.4315 0.200767 1.60995 19.159 108.384 -0.110473 -1 20
78.6888 4.88891 1.44675 19.939 146.714 -0.107234 -1 20
79.673 9.27606 1.27963 17.7728 155.744 -0.103266 -1 20
81.1647 12.9774 1.13071 15.7003 1052.23 -0.098295 1 31.7662
82.6243 15.5459 1.02257 14.0313 1989.03 -0.0953092 1 36.5448
84.2728 17.8293 0.923811 14.436 2496.46 -0.0827899 1 39.7173
86.2466 20.05 0.822545 15.2072 2785.54 -0.0667737 1 41.9914
88.7837 22.38 0.714896 16.0423 4345.84 -0.0483996 1 49.5814
91.6776 24.5658 0.618393 16.8613 4110.73 -0.03136 1 49.602
94.2852 26.2431 0.551592 17.5184 3926.23 -0.0192994 1 49.6175
97.4045 28.0048 0.493132 18.2355 3726.5 -0.00892432 1 49.6063
100.728 29.6847 0.4506 18.9374 3548.9 -0.000664042 1 49.6171
104.589 31.4786 0.420927 19.6903 3332.92 0.00592112 1 49.4675
108.259 33.0987 0.406783 20.3602 3181.55 0.00989915 1 49.4716
112.064 34.7424 0.403094 21.0162 3039.32 0.0124736 1 49.4757
116.384 36.6154 0.408986 21.7221 2888.93 0.0141327 1 49.474
120.826 38.5913 0.422736 22.412 2308.22 0.0149165 1 47.2806
125.371 40.7025 0.442893 23.086 2163.98 0.0153586 1 47.1916
130.001 42.9772 0.467145 23.7441 2028.72 0.0160175 1 47.1229
134.698 45.4331 0.494041 24.3879 29.8617 0.0172452 1 27.1536
139.883 48.3364 0.525987 25.0739 19.8906 0.0195322 1 27.0178
145.11 51.4915 0.560687 25.743 16.2549 0.0231712 1 26.6655
150.352 54.9175 0.599446 26.3933 16.4959 0.027924 -1 26.3615
155.571 58.6428 0.64495 26.7738 16.1065 0.0337094 -1 25.7908
160.374 62.4276 0.695819 24.4049 98.5201 0.0463171 -1 20
164.225 65.795 0.746328 22.3052 46.1452 0.0542763 -1 20
167.553 69.0575 0.804975 20.268 35.2773 0.0636987 -1 20
170.595 72.4843 0.877824 18.119 37.1427 0.0724799 1 20
173.047 75.7407 0.956748 16.044 69.3715 0.0784895 1 20
175.081 79.0164 1.04449 16.4684 60.9231 0.0833397 1 20
176.732 82.3472 1.14053 17.2669 48.6622 0.0862471 1 20
178.096 85.9911 1.24882 18.0459 48.4417 0.0855066 1 20
179.214 90.6735 1.39016 18.942 55.1779 0.0817788 0.999993 20
179.67 95.6957 1.54095 19.8137 54.9179 0.07495 -1 20.0001
179.384 100.948 1.69516 20.4084 54.0374 0.0657849 -1 20.151
178.495 105.474 1.8226 18.2489 48.1293 0.0587752 1 20.147
177.24 109.383 1.92557 16.1096 130.717 0.0537669 1 21.8471
175.964 112.391 1.99758 16.6807 97.6921 0.0481314 1 21.6826
174.409 115.433 2.06704 17.4094 65.8811 0.042957 1 21.5945
172.385 118.795 2.13946 18.1948 68.9592 0.0385419 1 22.7968
170.266 121.847 2.20122 18.8929 53.724 0.0351168 1 23.1258
167.889 124.879 2.25927 19.5772 42.6148 0.0323155 1 23.4841
164.983 128.177 2.3193 20.3133 1341.97 0.0297343 1 39.5194
161.781 131.417 2.37605 21.0328 1234.58 0.0279697 1 39.4954
158.293 134.584 2.43 21.736 1428.27 0.0268417 1 41.5314
154.172 137.938 2.48639 22.4849 1307.54 0.0262927 1 41.4628
150.112 140.902 2.53664 23.155 1420.82 0.0262161 1 42.9007
145.789 143.742 2.58644 23.8098 1303.45 0.0265476 1 42.7585
141.635 146.198 2.63194 24.3917 917.186 0.0271559 1 40.4243
136.825 148.741 2.68307 25.0178 832.261 0.027914 1 40.3299
132.237 150.886 2.73106 25.5742 1092.99 0.0284404 1 42.9953
126.959 153.033 2.78604 26.1725 1320.76 0.0287794 1 45.232
121.447 154.925 2.84345 26.7567 1257.94 0.0286899 1 45.3645
115.714 156.531 2.90299 27.3273 1201.6 0.028099 1 45.5106
109.773 157.819 2.96432 27.8845 1510.75 0.0269592 1 48.1548
103.081 158.829 3.03221 28.4775 1607.39 0.0252118 1 49.346
96.7759 159.37 3.09438 29.0081 1526.16 0.0232156 1 49.3528
90.3346 159.531 3.15513 29.5269 1473.34 0.0209761 1 49.5322
83.7823 159.309 3.2135 30.0342 1423.04 0.0185998 1 49.7216
77.1429 158.708 3.26862 30.5306 1346.75 0.0162024 1 49.7246
70.4377 157.742 3.3194 31.0164 1273.67 0.0139264 1 49.7274
63.6832 156.433 3.36573 31.4913 1215.28 0.0118379 1 49.8096
56.8925 154.803 3.40756 31.9566 1154.38 0.00998529 1 49.848
50.0745 152.877 3.44467 32.4119 1092.4 0.00850779 1 49.8483
43.2341 150.682 3.47716 32.8574 1037.3 0.00742273 1 49.8718
36.9981 148.475 3.50314 33.2542 987.354 0.00672578 1 49.8719
30.12 145.835 3.52831 33.6816 935.344 0.00623157 1 49.8728
23.2222 142.993 3.55062 34.0997 886.08 0.00624187 1 49.8727
15.6752 139.681 3.5726 34.5453 835.088 0.00657175 1 49.8859
8.73802 136.461 3.59146 34.9442 789.047 0.0069923 1 49.886
2.41831 133.387 3.6084 35.2991 750.018 0.00743689 1 49.8955
-4.54285 129.842 3.62734 35.6811 708.401 0.00789053 1 49.8955
-11.5069 126.124 3.64715 36.0544 670.068 0.00819868 1 49.9026
-17.8329 122.587 3.66608 36.3864 636.98 0.00838922 1 49.9027
-25.4068 118.139 3.69002 36.7756 600.619 0.00843748 1 49.9043
-32.949 113.461 3.71517 37.1551 564.89 0.00817524 1 49.9004
-39.8233 108.963 3.73901 37.4946 533.173 0.0078872 1 49.9005
-46.65 104.262 3.76319 37.8264 503.226 0.00752016 1 49.9035
-54.0336 98.9019 3.78945 38.1797 471.666 0.0070099 1 49.9035
-60.1301 94.2517 3.81103 38.4675 446.344 0.0065536 1 49.9035
-67.3728 88.4561 3.83612 38.805 417.415 0.00594944 1 49.8977
-73.939 82.9437 3.8582 39.1071 392.266 0.00554435 1 49.8977
-79.8468 77.7731 3.87719 39.3759 370.297 0.00540503 1 49.8945
-85.6968 72.4577 3.89517 39.6393 350.216 0.0053712 1 49.8944
-92.0657 66.4509 3.914 39.9229 329.388 0.00554149 1 49.8944
-98.3652 60.2829 3.93216 40.2 309.201 0.00591675 1 49.8873
-104.593 53.9579 3.95015 40.471 290.339 0.00650374 1 49.8873
-110.745 47.4778 3.96841 40.7357 271.317 0.00716444 1 49.8681
-116.266 41.4507 3.98585 40.9712 256.099 0.00795221 1 49.8679
-121.708 35.291 4.0044 41.2016 241.689 0.00886332 1 49.8677
-127.061 28.9936 4.02459 41.4271 226.525 0.00983609 1 49.8249
-132.828 21.8992 4.04903 41.6694 213.526 0.0110098 1 49.8237
-138.949 13.9486 4.0789 41.9271 195.057 0.0124403 1 49.7376
-144.374 6.45458 4.10955 42.157 183.643 0.0139049 1 49.736
-149.587 -1.24837 4.14399 42.3809 170.475 0.0154175 1 49.6632
-154.549 -9.1728 4.18279 42.5986 163.064 0.0169086 1 49.6593
-159.212 -17.3306 4.22656 42.8107 136.89 0.0182969 1 49.207
-163.895 -26.5072 4.27991 43.0365 130.193 0.0200344 1 49.1756
-167.427 -34.3769 4.32869 43.2131 63.4494 0.0219954 1 47.0994
-170.868 -43.2633 4.38766 43.4079 33.4387 0.0244586 -1 41.6833
-174.473 -54.8988 4.47109 43.377 36.838 0.0282622 -1 40.8743
-176.38 -63.0815 4.53435 40.918 27.0604 0.0312194 -1 40.218
-177.879 -72.4021 4.6129 38.0388 778.378 0.0358404 -1 23.462
-178.544 -80.4338 4.68786 35.4804 693.599 0.0396836 -1 21.8158
-178.556 -88.5967 4.77376 32.7978 497.475 0.0433405 -1 21.4727
-178.044 -94.893 4.84868 30.6254 410.018 0.0463627 -1 20.6091
-176.995 -101.264 4.93409 28.3033 294.143 0.0486069 -1 20.3095
-175.511 -107.031 5.0204 26.0757 193.638 0.0503702 -1 20.2327
-173.679 -112.188 5.10611 23.8981 124.164 0.0514909 -1 20.1921
-171.596 -116.739 5.18912 21.8125 87.2645 0.0521221 -1 20.8761
-168.94 -121.362 5.28155 19.424 80.424 0.0503588 1 20.8478
-166.633 -124.676 5.35358 17.4822 91.863 0.0492361 1 20.8694
-164.219 -127.648 5.42078 17.7492 145.763 0.0450899 1 23.5181
-161.749 -130.304 5.48408 18.4562 125.735 0.0408928 1 24.0682
-159.016 -132.898 5.54718 19.1498 1739.49 0.0368254 1 40.7671
-155.714 -135.656 5.61359 19.8964 1715.52 0.0326566 1 41.4227
-152.455 -138.064 5.67045 20.5619 1691.01 0.0294295 1 41.9759
-148.238 -140.816 5.73388 21.3393 1656.92 0.0262898 1 42.5732
-144.482 -142.984 5.78355 21.9733 2711.01 0.0239836 1 48.9085
-140.922 -144.833 5.82541 22.5325 2601.05 0.0222853 1 48.9394
-135.926 -147.14 5.87744 23.2623 2461.05 0.0204669 1 48.977
-131.558 -148.921 5.91815 23.8566 2481.54 0.019144 1 49.6761
-126.549 -150.728 5.96066 24.4963 2357.17 0.017911 1 49.6841
-122.299 -152.083 5.99375 25.009 2287.58 0.0167882 1 49.8316
-116.433 -153.716 6.03587 25.6779 2161.61 0.0152976 1 49.8328
-110.866 -155.033 6.0727 26.2767 2051.77 0.0139522 1 49.8339
-105.127 -156.177 6.10778 26.862 1955.71 0.012852 1 49.8807
-99.2283 -157.147 6.1408 27.4343 1855.67 0.0115492 1 49.8809
-93.734 -157.88 6.16904 27.9434 1769.6 0.0103899 1 49.8909
-88.1218 -158.473 6.19543 28.4422 1686.5 0.00953678 1 49.8912
-82.398 -158.933 6.22002 28.9308 1607.14 0.0087934 1 49.8915
-75.9798 -159.287 6.24507 29.4568 1523.92 0.00809057 1 49.8917
-68.8404 -159.501 6.2704 30.0172 1439.52 0.00712156 1 49.9038
-62.7868 -159.546 0.00694193 30.4737 1371.08 0.00660476 1 49.9039
-56.0241 -159.461 0.0270717 30.9651 1299.35 0.0060907 1 49.9041
-49.1575 -159.24 0.0456808 31.4456 1231.11 0.00559689 1 49.9042
-42.829 -158.928 0.0614968 31.8729 1171.99 0.00511461 1 49.9043
-35.7752 -158.464 0.0777765 32.3555 1111.05 0.00451546 1 49.925
-28.6333 -157.879 0.0927466 32.7731 1056.2 0.00362865 1 49.925
-22.7241 -157.315 0.10417 33.1373 1010.77 0.00294164 1 49.9154
-15.4245 -156.53 0.116666 33.5663 956.486 0.00174999 1 49.9154
-8.71639 -155.731 0.126497 33.949 908.692 0.000724154 1 49.9154
-1.25956 -154.771 0.135244 34.361 858.778 -0.000211729 1 49.9153
5.58967 -153.837 0.141016 34.7276 810.333 -0.000858739 1 49.8631
13.2011 -152.758 0.144954 35.1222 768.23 -0.0012059 1 49.8633
20.1912 -151.744 0.146507 35.4732 733.863 -0.00100586 1 49.8629
28.6682 -150.503 0.14629 35.885 678.595 5.45116e-05 1 49.7297
36.5239 -149.356 0.144943 36.2535 648.181 0.00167356 1 49.7309
44.4597 -148.202 0.143811 36.6136 618.676 0.00417449 1 49.73
53.2051 -146.93 0.144662 36.9972 316.126 0.00790362 1 46.2415
60.5588 -145.841 0.148837 37.3095 305.587 0.0121988 1 46.2299
67.9601 -144.698 0.157902 37.4543 292.778 0.0174017 1 46.2035
75.4084 -143.462 0.17391 37.9386 1203.35 0.0245634 -1 20.2528
84.384 -141.757 0.206977 37.9908 1178.87 0.0338417 -1 20.2403
91.544 -140.142 0.246601 35.6665 1001.64 0.0461319 -1 20
103.126 -136.73 0.346672 31.6844 512.224 0.0649853 -1 20
109.344 -134.274 0.426247 29.3344 370.939 0.0799152 -1 20
116.228 -130.67 0.558696 26.4371 294.792 0.0946584 -1 20
121.856 -126.552 0.718603 23.6472 288.517 0.104004 -1 20
125.623 -122.728 0.870171 21.34 280.552 0.109755 -1 20
128.602 -118.462 1.04138 18.937 307.12 0.114119 -1 20
130.527 -114.292 1.20749 16.6358 324.476 0.109555 1 20
131.621 -110.141 1.37269 14.1835 349.047 0.106843 1 20
131.973 -106.653 1.50598 15.0412 323.089 0.0879826 1 21.0486
131.906 -103.563 1.62202 15.7989 306.04 0.0708176 1 22.4855
131.36 -99.696 1.75349 16.692 4023 0.051601 1 48.8644
130.408 -96.0508 1.8618 17.4964 3827.78 0.0349903 1 49.0657
129.06 -92.3458 1.95234 18.2836 3627.79 0.0213161 1 49.1795
127.369 -88.5948 2.02222 19.0541 3526.8 0.0121813 1 49.6322
125.394 -84.7953 2.07243 19.8063 3347.16 0.00567809 1 49.6426
122.981 -80.5793 2.1089 20.605 3168.68 0.00164936 1 49.6488
120.579 -76.6337 2.13002 21.3206 2546.53 -0.00103039 1 47.3569
118.031 -72.5957 2.14211 22.0198 2429.06 -0.000680871 1 47.4237
115.117 -68.0707 2.14791 22.7646 397.632 -0.000432175 1 33.0003
112.345 -63.804 2.14965 23.4313 346.343 0.00125531 1 33.0204
109.485 -59.4207 2.15009 24.083 283.871 0.00221332 1 32.9099
106.543 -54.9228 2.15117 24.7199 236.436 0.00174255 1 32.9226
103.514 -50.3158 2.15366 25.3424 203.976 -0.000692705 1 32.9516
100.11 -45.1713 2.15703 26.0054 185.902 -0.00587422 1 32.9904
96.9032 -40.3474 2.15837 26.5988 179.821 -0.0123835 -1 20.0001
93.6365 -35.4145 2.15416 26.9254 231.29 -0.0225694 -1 20.0001
90.8183 -31.0848 2.14319 24.9438 140.996 -0.0299659 -1 20.0001
88.0406 -26.6499 2.12002 22.832 78.3527 -0.0381601 -1 20.0002
85.4245 -22.1699 2.08237 20.602 52.8375 -0.0469614 -1 20.0002
83.256 -18.0425 2.03375 18.4469 94.5191 -0.0659951 1 20
81.4049 -13.9648 1.9723 16.1929 108.662 -0.0772661 1 20
80.0585 -10.3153 1.89932 16.6073 113.037 -0.0945837 1 20
78.9923 -6.35988 1.80078 17.4693 82.0481 -0.104368 1 20
78.3551 -2.10882 1.67439 18.3035 89.7315 -0.108632 1 20
78.309 2.38554 1.52174 19.1096 114.893 -0.108515 -1 20
79.0039 7.01129 1.34931 19.6462 138.836 -0.102006 -1 20
80.2594 10.8936 1.19617 17.6764 140.783 -0.0948258 -0.676104 20
82.197 14.7062 1.04023 15.4423 1635.25 -0.0885636 1 35.8578
84.0081 17.3124 0.930456 13.5248 2622.33 -0.084421 1 39.5478
85.8247 19.4224 0.841601 14.2817 2889.25 -0.0706774 1 41.6248
88.1622 21.6709 0.743132 15.1356 4578.32 -0.0539389 1 49.5741
90.8409 23.8124 0.650446 15.9742 4338.86 -0.0373133 1 49.5948
93.8352 25.833 0.569833 16.7953 4107.43 -0.0225309 1 49.6138
96.8035 27.5701 0.510373 17.5261 3901.18 -0.0118634 1 49.6027
100.308 29.3941 0.46177 18.3138 3697.91 -0.00241904 1 49.6128
103.682 31.0053 0.432556 19.0117 3490.7 0.0038918 1 49.4639
107.577 32.7633 0.414089 19.7634 3317.03 0.00860052 1 49.4725
111.264 34.3807 0.408032 20.4317 3167.14 0.0113795 1 49.4713
115.462 36.2173 0.411326 21.1509 3011.09 0.0132072 1 49.4733
119.788 38.1476 0.422638 21.8537 2414.56 0.0141531 1 47.2809
123.819 40.0094 0.438377 22.4788 2283.74 0.0146047 1 47.2276
127.927 41.9951 0.458314 23.0903 2153.68 0.0150692 1 47.1561
132.101 44.1204 0.480583 23.6897 2022.46 0.0159391 1 47.0482
137.182 46.8701 0.509687 24.393 26.4132 0.0177207 1 27.0607
141.893 49.5956 0.53864 25.0221 18.8659 0.0205149 1 26.9218
147.502 53.0881 0.5763 25.7465 16.4661 0.0252092 1 26.5208
152.689 56.599 0.616709 26.3969 16.369 0.0305525 -1 26.1786
157.84 60.4255 0.665437 27.0297 215.091 0.0433764 -1 20
161.854 63.7086 0.711667 25.0393 117.526 0.0507195 -1 20
165.734 67.2482 0.772324 22.9161 60.2695 0.0600628 -1 20
169.049 70.7095 0.842205 20.8581 34.477 0.0675995 -1 20
172.03 74.3689 0.926203 18.6851 33.1895 0.0757666 1 20
174.381 77.8599 1.01465 16.5884 58.0103 0.0813945 1 20
176.123 81.0565 1.10155 16.9028 53.2617 0.0859109 1 20
177.73 84.9003 1.21339 17.7602 49.1198 0.0865354 1 20
178.924 89.1025 1.33979 18.5956 54.5109 0.0838644 1 20
179.622 94.0076 1.488 19.4766 56.8375 0.0779554 -1 20.0001
179.6 99.1825 1.64183 20.0829 58.8755 0.0693835 -1 20.1612
178.96 103.673 1.77079 17.9331 56.9256 0.0629765 1 20.1455
177.919 107.566 1.87595 15.8004 155.304 0.0585673 1 21.9843
176.805 110.577 1.95051 16.3932 118.291 0.0525023 1 21.7766
175.409 113.632 2.02351 17.1272 82.1292 0.0466426 1 21.6409
173.548 117.016 2.1008 17.9187 50.7367 0.0409901 1 21.5622
171.567 120.095 2.1667 18.6228 59.3333 0.0370906 1 22.9362
169.32 123.159 2.22791 19.3124 46.1763 0.0337812 1 23.2884
166.281 126.797 2.29637 20.1212 34.7942 0.0305689 1 23.7261
163.473 129.779 2.35007 20.7799 1269.89 0.0284491 1 39.4902
160.105 132.995 2.4054 21.489 1471.97 0.0269675 1 41.5713
156.11 136.409 2.46255 22.2439 1346.21 0.0261868 1 41.488
152.532 139.165 2.50846 22.8588 1248 0.0260001 1 41.4193
147.949 142.348 2.56256 23.5798 1346.45 0.0262026 1 42.8243
143.477 145.126 2.61211 24.2247 942.997 0.0268011 1 40.4693
138.308 147.977 2.66709 24.9112 844.398 0.0276783 1 40.3283
132.844 150.608 2.72402 25.5802 1095.55 0.0284367 1 43.0208
127.09 152.981 2.78356 26.2322 1310.43 0.0289144 1 45.2196
121.571 154.892 2.84084 26.815 1248.2 0.0288892 1 45.3517
115.829 156.516 2.90049 27.3842 1193.49 0.0283301 1 45.5043
109.88 157.82 2.96214 27.9401 1503.01 0.0271913 1 48.1544
103.177 158.845 3.03055 28.5315 1600.02 0.0254154 1 49.3466
96.8609 159.397 3.09328 29.0609 1519.16 0.023374 1 49.3527
90.4084 159.564 3.15466 29.5783 1466.51 0.0210713 1 49.5318
83.8448 159.342 3.21346 30.0845 1416.35 0.0186455 1 49.7217
77.1947 158.74 3.26904 30.5794 1340.15 0.0161874 1 49.7247
69.8667 157.661 3.32498 31.1078 1271.94 0.0135896 1 49.8087
63.1002 156.31 3.37145 31.5806 1202.47 0.0114409 1 49.8097
56.9191 154.803 3.40936 32.0022 1148.01 0.00973151 1 49.8481
49.4731 152.673 3.4495 32.4972 1081.12 0.008123 1 49.8484
42.0018 150.225 3.4843 32.9807 1021.87 0.00696012 1 49.8718
34.5078 147.493 3.51447 33.4529 963.421 0.00609245 1 49.8727
26.9916 144.504 3.54053 33.9139 908.813 0.00581642 1 49.8726
20.0814 141.561 3.56152 34.327 861.159 0.00601089 1 49.8726
13.1514 138.44 3.58046 34.7308 814.947 0.00639953 1 49.886
6.20244 135.15 3.59843 35.1257 769.496 0.00692402 1 49.886
-0.761854 131.696 3.61632 35.5117 727.24 0.00752421 1 49.8955
-7.10162 128.411 3.63308 35.855 690.255 0.00800278 1 49.8955
-14.0774 124.635 3.65262 36.2244 652.821 0.008382 1 49.9026
-21.6784 120.31 3.67543 36.6177 614.634 0.00863436 1 49.9027
-28.6261 116.15 3.69778 36.9696 582.924 0.00864217 1 49.9043
-34.9155 112.197 3.71911 37.2825 553.571 0.00842143 1 49.9004
-41.7941 107.656 3.74346 37.6191 522.692 0.00811428 1 49.9005
-48.6209 102.908 3.76824 37.9479 493.532 0.00770048 1 49.9035
-54.775 98.4113 3.79074 38.2404 467.531 0.00722323 1 49.9035
-61.4809 93.269 3.81512 38.5552 439.931 0.00660349 1 49.8978
-67.5156 88.4194 3.8366 38.8351 415.795 0.00608231 1 49.8977
-73.4897 83.4088 3.85718 39.1094 392.702 0.00565357 1 49.8976
-80.5782 77.1926 3.88046 39.4312 366.28 0.00540508 1 49.8944
-86.4189 71.8509 3.89873 39.6934 346.306 0.00532731 1 49.8944
-92.775 65.8134 3.91779 39.9756 325.667 0.00545532 1 49.8944
-99.0595 59.6139 3.93607 40.2515 305.726 0.00580021 1 49.8873
-104.71 53.8415 3.95243 40.497 288.743 0.00631048 1 49.8873
-111.406 46.7456 3.97226 40.7849 268.243 0.00702257 1 49.8681
-118.002 39.4644 3.99301 41.0656 250.169 0.00801761 1 49.8678
-123.413 33.2523 4.01145 41.2941 233.723 0.00901003 1 49.8253
-128.733 26.9032 4.03169 41.5176 221.149 0.0100432 1 49.8243
-134.462 19.752 4.05643 41.7579 208.35 0.011312 1 49.8238
-140.535 11.7384 4.08678 42.0133 190.102 0.0128545 1 49.7371
-145.909 4.18539 4.11816 42.241 175.779 0.0143898 1 49.6648
-151.063 -3.57935 4.15368 42.4628 167.001 0.0159546 1 49.6624
-155.953 -11.5686 4.1938 42.6784 160.826 0.0174529 1 49.6591
-160.531 -19.7945 4.23902 42.887 135.184 0.0189179 1 49.1975
-164.739 -28.266 4.28958 43.0924 128.905 0.0205208 1 49.1703
-168.52 -36.9836 4.34517 43.2877 61.3072 0.0227657 1 47.0521
-171.536 -45.1185 4.40069 43.4594 35.1754 0.0250547 -1 41.5683
-174.55 -55.1292 4.47426 43.6636 41.3717 0.0282355 -1 40.8407
-176.439 -63.3742 4.53933 41.1954 26.9161 0.0310452 -1 40.1185
-177.898 -72.7672 4.6195 38.3078 811.566 0.0355759 -1 23.4119
-178.514 -80.8606 4.69568 35.7389 721.364 0.0393388 -1 21.7699
-178.494 -88.424 4.77537 33.2688 530.731 0.0426146 -1 21.467
-177.89 -95.4244 4.85845 30.8683 421.945 0.0458897 -1 20.592
-176.893 -101.278 4.93619 28.7445 311.071 0.0479808 -1 20.306
-175.377 -107.136 5.02262 26.5023 203.431 0.0498212 -1 20.2312
-173.323 -112.822 5.11623 24.1173 122.98 0.0511187 -1 20.1888
-171.379 -117.005 5.19193 22.2094 84.4295 0.0517709 -1 20.8711
-168.448 -122.038 5.29185 19.628 76.7718 0.0502049 1 20.8521
-166.083 -125.365 5.36407 17.6252 87.5569 0.0491616 1 20.8751
-163.823 -128.107 5.4258 18.0925 134.646 0.0453234 1 23.5629
-161.559 -130.534 5.48346 18.7232 118.337 0.0416597 1 24.0672
-158.789 -133.165 5.54757 19.4117 1700.02 0.0376043 1 40.7709
-156.073 -135.458 5.60361 20.0174 1683.78 0.0340427 1 41.3245
-152.477 -138.148 5.66866 20.7455 1661.78 0.030191 1 41.9642
-149.319 -140.248 5.71848 21.3269 1639.44 0.0275278 1 42.4354
-145.595 -142.467 5.77052 21.9612 2713.25 0.0249228 1 48.8986
-141.656 -144.56 5.81909 22.582 2591 0.0227414 1 48.9348
-137.09 -146.712 5.86874 23.2503 2462.6 0.0207838 1 48.9705
-133.182 -148.352 5.90683 23.7858 2495.43 0.0193805 1 49.6739
-128.207 -150.207 5.95054 24.4271 2370.26 0.0179905 1 49.6823
-123.505 -151.748 5.98809 24.9975 2289.63 0.0167254 1 49.8315
-118.641 -153.149 6.02374 25.5564 2184.03 0.0154292 1 49.8325
-113.626 -154.409 6.05765 26.1037 2082.96 0.014201 1 49.8334
-107.942 -155.63 6.09294 26.693 1985.42 0.0131767 1 49.8806
-102.094 -156.68 6.12624 27.269 1884.05 0.0119288 1 49.8808
-96.0914 -157.559 6.15769 27.8321 1787.36 0.0107413 1 49.881
-90.5079 -158.213 6.18453 28.3331 1704.43 0.00978427 1 49.8911
-84.235 -158.775 6.21206 28.8725 1616.47 0.00897017 1 49.8914
-77.2442 -159.208 6.2398 29.4471 1525.43 0.00821212 1 49.8917
-71.3073 -159.428 6.26141 29.9152 1455.07 0.0073482 1 49.9037
-64.0569 -159.531 0.00235903 30.4644 1372.47 0.006732 1 49.9039
-57.9149 -159.487 0.0209892 30.9118 1307.06 0.00627416 1 49.904
-51.0588 -159.308 0.0399692 31.3934 1238.44 0.00580291 1 49.9042
-44.1025 -158.997 0.0576648 31.8641 1173.2 0.00530155 1 49.9043
-37.0499 -158.561 0.0742456 32.3573 1110.93 0.00476016 1 49.925
-29.253 -157.942 0.0910494 32.8029 1052.5 0.00378494 1 49.925
-22.6764 -157.321 0.104112 33.2082 1002.02 0.00297792 1 49.9154
-16.03 -156.609 0.115922 33.5969 952.933 0.00184897 1 49.9154
-8.64023 -155.73 0.127122 34.0168 900.585 0.000674898 1 49.9153
-1.85189 -154.855 0.135339 34.3903 855.424 -0.000215428 1 49.9153
5.6921 -153.822 0.141892 34.7925 803.056 -0.000958943 1 49.8633
12.6202 -152.836 0.145506 35.1502 765.068 -0.00129761 1 49.8633
20.3185 -151.715 0.14708 35.5354 727.672 -0.00108222 1 49.8632
28.8096 -150.469 0.146566 35.9456 672.995 1.38095e-05 1 49.7307
35.9594 -149.423 0.145154 36.2797 645.565 0.00148554 1 49.7309
43.9007 -148.268 0.143857 36.6393 616.449 0.00393762 1 49.73
52.6521 -146.995 0.144416 37.0222 312.355 0.00760097 1 46.2149
61.4898 -145.687 0.149273 37.3957 299.394 0.0128301 1 46.2011
69.648 -144.425 0.158667 37.6601 274.571 0.0189599 1 46.173
78.6168 -142.886 0.182991 38.0618 1211.58 0.0278537 -1 20.2499
86.8628 -141.242 0.21734 38.1329 1184.49 0.036841 -1 20.2386
94.0318 -139.534 0.261676 35.8195 987.932 0.0503891 -1 20
101.937 -137.194 0.332062 33.1315 652.536 0.0632927 -1 20
107.911 -134.942 0.40911 30.9486 492.862 0.0767648 -1 20
115.726 -130.971 0.556276 27.7797 377.843 0.092225 -1 20
121.287 -126.984 0.707549 25.1288 352.31 0.100601 -1 20
125.926 -122.273 0.890239 22.3807 316.789 0.106842 -1 20
129.161 -117.388 1.0786 19.7506 330.335 0.110803 -1 20
131.121 -112.633 1.26037 17.2383 344.149 0.106736 1 20
132.004 -108.564 1.41483 14.9457 369.659 0.102311 1 20.4225
132.238 -105.213 1.53653 15.6601 346.869 0.0865726 1 21.3549
132.012 -101.349 1.67844 16.5481 335.619 0.0659702 1 23.4248
131.305 -97.6823 1.80221 17.3485 3904.96 0.047396 1 48.9645
130.146 -93.9479 1.90917 18.1372 3698.21 0.0308624 1 49.1291
128.745 -90.5192 1.98913 18.8406 3512.1 0.0186713 1 49.2171
126.874 -86.7194 2.05694 19.5987 3403.7 0.00965606 1 49.6387
124.926 -83.2328 2.10102 20.2722 3242.52 0.00363143 1 49.6464
122.567 -79.3455 2.13309 20.9946 2606.4 -0.00170799 1 47.3679
119.794 -75.0192 2.15333 21.7648 2481.4 -0.00286385 1 47.4617
117.109 -70.9543 2.16131 22.4539 2359.46 -0.00234263 1 47.488
114.322 -66.7784 2.16272 23.1276 379.705 -0.00186719 1 33.0552
111.714 -62.8783 2.16131 23.7269 338.682 -0.000317948 1 33.1528
109.044 -58.8767 2.15901 24.3138 286.574 0.000561157 1 33.1271
106.316 -54.7749 2.15723 24.8887 233.596 0.000254486 1 32.9928
102.68 -49.2983 2.15645 25.6184 198.715 -0.002537 1 33.0982
99.5238 -44.5418 2.15645 26.2206 180.817 -0.00729769 1 33.0982
96.2999 -39.673 2.1546 26.8091 196.089 -0.0139648 -1 20.0001
93.0332 -34.6855 2.1471 27.1306 247.184 -0.0241503 -1 20.0001
90.2284 -30.2992 2.13318 25.1428 151.644 -0.0315782 -1 20.0001
87.4779 -25.797 2.10686 23.0242 84.3074 -0.0398109 -1 20.0002
85.1017 -21.6064 2.06963 20.9703 55.7389 -0.0478551 -1 20.0002
83.1131 -17.7117 2.02268 18.9798 98.2868 -0.066506 -0.999998 20
81.2544 -13.4891 1.95856 16.7039 102.316 -0.0785879 1 20
79.9135 -9.68678 1.88151 14.4318 173.505 -0.0916062 1 20
79.0375 -6.23453 1.79405 15.2665 136.848 -0.103365 1 20
78.466 -2.17149 1.67242 16.2366 108.582 -0.109147 1 20
78.3941 1.15318 1.56139 16.9616 106.506 -0.109048 1 20
78.7683 4.95568 1.4226 17.7338 116.005 -0.105054 0.999999 20
79.9799 9.5282 1.24351 18.6298 122.639 -0.095306 -1 20
81.8935 13.6794 1.07276 19.4366 934.402 -0.077743 1 34.4932
83.9102 16.7667 0.942277 17.6131 1813.77 -0.0697546 1 39.2157
86.4358 19.7533 0.822908 18.1452 2194.35 -0.0559882 1 41.9846
89.121 22.305 0.722096 18.8396 3638.58 -0.0421952 1 49.5795
92.4574 24.9115 0.623669 19.5927 3442.62 -0.0281677 1 49.6026
95.795 27.101 0.548517 20.2629 3263.31 -0.017175 1 49.5942
99.7535 29.3331 0.483163 20.9874 3085.8 -0.00660945 1 49.6106
103.574 31.2367 0.440085 21.6306 2903.46 0.00123923 1 49.4648
107.98 33.2437 0.409683 22.3226 2753.3 0.00776489 1 49.4708
112.143 35.0374 0.395946 22.9385 2628.16 0.0121536 1 49.4747
116.865 37.0307 0.394422 23.6009 2499.77 0.015575 1 49.4781
121.268 38.906 0.40318 24.19 1993.63 0.017558 1 47.3431
126.206 41.0855 0.422478 24.8238 1871.62 0.0191871 1 47.2624
130.761 43.2127 0.446962 25.3858 1764.67 0.0204274 1 47.1974
136.281 45.9885 0.482731 26.0463 28.5114 0.0220446 1 27.2112
141.83 49.0432 0.523902 26.6898 22.472 0.0242604 1 26.9639
146.914 52.1167 0.566061 27.2664 17.958 0.02711 -1 26.6876
152.419 55.7989 0.617481 27.8788 18.5135 0.0314033 -1 26.1702
157.128 59.2966 0.666994 25.6633 137.933 0.0400551 -1 20
161.639 63.0278 0.722753 23.3339 64.0013 0.046983 -1 20
165.215 66.3529 0.779337 21.2657 39.8043 0.0544456 -1 20
168.523 69.8557 0.847202 19.0835 35.2684 0.0626673 1 20
171.437 73.4639 0.92556 16.7477 56.0252 0.0695678 1 20
173.723 76.846 1.00602 17.4136 44.4596 0.0763944 1 20
175.628 80.2756 1.09431 18.1909 36.8871 0.0815164 1 20
177.526 84.7416 1.21602 19.0847 40.3127 0.0834815 1 20
178.81 89.2438 1.34337 19.8856 50.9618 0.0826404 -1 20
179.549 94.4758 1.49419 20.7288 59.7855 0.0774347 -1 20.0001
179.561 99.1633 1.62915 18.5524 64.831 0.0720552 1 20.1649
178.986 103.628 1.75449 16.2868 89.8433 0.0684811 1 20.1453
178.219 106.781 1.8388 16.5511 144.118 0.0627599 1 22.1313
176.881 110.64 1.94052 17.4244 96.5703 0.054175 1 21.8096
175.081 114.536 2.04042 18.2772 57.9916 0.0458933 1 21.6172
173.229 117.775 2.11896 18.9737 53.5138 0.0401285 1 22.6978
170.84 121.306 2.19727 19.7239 36.9035 0.0349164 1 23.1091
168.366 124.472 2.26184 20.3902 26.8096 0.0312111 1 23.5007
165.621 127.584 2.32089 21.0431 1233.32 0.0282754 1 39.4926
161.987 131.232 2.3853 21.809 1128.13 0.0260623 1 39.4988
158.348 134.484 2.43964 22.4944 1310.55 0.025009 1 41.4929
154.43 137.637 2.49061 23.1643 1211.27 0.0247376 1 41.4589
151.024 140.133 2.53067 23.7011 1130.91 0.0249369 1 41.4051
146.624 143.072 2.57896 24.3434 1227.61 0.0256172 1 42.7525
141.532 146.114 2.63198 25.0272 842.674 0.0267822 1 40.4242
137.061 148.497 2.67748 25.5837 766.727 0.0278267 1 40.3108
131.907 150.93 2.72987 26.182 1017.12 0.0287163 1 43.0159
127.011 152.945 2.78005 26.7138 1240.98 0.0292177 1 45.2118
121.4 154.91 2.83823 27.2853 1183.7 0.0292745 1 45.352
115.564 156.576 2.89918 27.8434 1132.38 0.0287286 1 45.501
109.519 157.908 2.96238 28.3883 1437.31 0.027542 1 48.1546
103.285 158.876 3.02678 28.9205 1541.44 0.025865 1 49.3455
96.2983 159.489 3.09713 29.4873 1457.13 0.0235255 1 49.353
89.7527 159.631 3.16045 29.9944 1406.72 0.0210332 1 49.5327
83.1004 159.366 3.22055 30.4911 1358.14 0.0184621 1 49.7221
76.3671 158.706 3.27707 30.9756 1284.12 0.0158723 1 49.725
69.5748 157.667 3.32879 31.4526 1224.15 0.0134241 1 49.8088
62.7399 156.276 3.37532 31.9173 1156.68 0.0112667 1 49.8098
56.4997 154.73 3.41322 32.3321 1103.94 0.0095589 1 49.8481
49.6134 152.746 3.45011 32.7788 1044.52 0.00807733 1 49.8483
43.3366 150.708 3.47936 33.1766 996.84 0.007104 1 49.8718
35.1549 147.76 3.51223 33.6823 934.932 0.00618747 1 49.8727
28.8449 145.284 3.53422 34.0625 890.35 0.00593639 1 49.8727
21.253 142.099 3.55756 34.5088 839.341 0.00609888 1 49.8727
12.3682 138.111 3.58187 35.0159 782.13 0.00661693 1 49.886
5.36821 134.785 3.60002 35.4043 739.314 0.00716358 1 49.8954
-1.64444 131.291 3.61822 35.784 697.828 0.00774207 1 49.8955
-8.66347 127.629 3.63718 36.155 659.174 0.00822137 1 49.8955
-16.3174 123.433 3.6593 36.55 620.599 0.00856464 1 49.9026
-23.3196 119.394 3.68098 36.9035 587.543 0.00870497 1 49.9026
-30.9293 114.768 3.70619 37.2798 554.604 0.00859276 1 49.9043
-37.2368 110.729 3.72815 37.5862 526.051 0.00830075 1 49.9004
-44.1291 106.089 3.75299 37.9158 496.611 0.00793543 1 49.9035
-50.9637 101.24 3.77801 38.2379 468.16 0.00742227 1 49.9035
-57.733 96.1827 3.80281 38.5527 440.526 0.00684779 1 49.9035
-64.4315 90.92 3.82696 38.8603 414.093 0.0061924 1 49.8977
-71.654 84.9524 3.8522 39.1881 386.59 0.00560207 1 49.8976
-77.6042 79.806 3.87209 39.4551 365.143 0.00525537 1 49.8976
-83.4928 74.51 3.89073 39.7167 344.637 0.0051632 1 49.8945
-89.9011 68.5207 3.90994 39.9985 324.131 0.00521684 1 49.8944
-96.2388 62.3684 3.92809 40.2739 304.372 0.00550745 1 49.8874
-102.506 56.0595 3.94575 40.5431 285.879 0.0060442 1 49.8872
-108.14 50.1912 3.96173 40.7826 268.452 0.00663015 1 49.8681
-114.262 43.5905 3.97995 41.0403 251.794 0.00749465 1 49.8679
-119.752 37.4548 3.9975 41.2694 237.418 0.00843237 1 49.8676
-125.16 31.1864 4.01651 41.4936 221.974 0.00947069 1 49.8248
-131.52 23.4797 4.04188 41.7563 208.001 0.0108078 1 49.824
-137.204 16.2273 4.06805 41.9909 191.259 0.0121695 1 49.7384
-143.212 8.09604 4.10034 42.2401 179.266 0.0138199 1 49.7366
-148.507 0.426961 4.13405 42.4624 166.731 0.0153725 1 49.6641
-153.557 -7.46246 4.17224 42.6784 159.96 0.0168982 1 49.6608
-158.315 -15.5857 4.2157 42.8893 155.734 0.0182452 1 49.6573
-162.723 -23.9546 4.26437 43.0927 129.598 0.0197362 1 49.184
-166.726 -32.5735 4.31816 43.2875 64.1389 0.0216095 1 47.1386
-170.267 -41.438 4.37718 43.483 54.001 0.023825 1 46.9246
-173.03 -49.7016 4.43555 43.6467 38.7157 0.0263008 -1 41.2384
-175.694 -59.8511 4.51295 43.5751 45.296 0.0296341 -1 40.4178
-177.256 -68.1449 4.58084 41.087 1111.28 0.0333962 -1 23.6957
-178.316 -77.5688 4.66472 38.2121 978.868 0.0376972 -1 21.9099
-178.561 -84.947 4.73752 35.883 763.381 0.0410181 -1 21.5965
-178.268 -91.865 4.81429 33.6085 640.916 0.044378 -1 20.6677
-177.376 -98.9109 4.90191 31.2035 464.981 0.0471364 -1 20.521
-175.808 -105.889 4.9999 28.6586 321.817 0.0494861 -1 20.2481
-174.107 -111.122 5.08229 26.5975 221.089 0.0508313 -1 20.201
-171.914 -116.261 5.17143 24.4246 129.794 0.0517397 -1 20.8893
-169.256 -121.141 5.26523 22.1139 98.1462 0.0519404 -1 20.8476
-166.21 -125.614 5.36005 19.7193 88.1781 0.049716 1 20.8728
-163.611 -128.786 5.4332 17.7659 168.077 0.0478517 1 23.6232
-161.186 -131.348 5.49465 17.9424 169.206 0.0441965 1 24.1694
-158.781 -133.597 5.55131 18.5762 1862.64 0.0401219 1 40.8148
-155.865 -136.019 5.61349 19.2656 1836.66 0.0354802 1 41.4218
-152.699 -138.343 5.67372 19.9436 1810.24 0.0311262 1 42.0073
-149.294 -140.556 5.73034 20.6064 1779.88 0.0273248 1 42.5406
-145.663 -142.654 5.78215 21.2576 2865.65 0.0241806 1 48.9079
-141.823 -144.635 5.82941 21.8926 2735.46 0.0217038 1 48.9428
-137.37 -146.677 5.87728 22.5773 2599.09 0.0195561 1 48.9769
-133.127 -148.407 5.91743 23.186 2616.71 0.0179708 1 49.676
-128.256 -150.169 5.95821 23.8414 2485.6 0.0166995 1 49.6837
-123.655 -151.643 5.99271 24.4243 2399.81 0.0156998 1 49.8316
-118.411 -153.124 6.02841 25.0518 2278.52 0.0146001 1 49.8326
-112.486 -154.57 6.06524 25.7201 2152.86 0.0135246 1 49.8337
-107.908 -155.536 6.09168 26.2106 2071.72 0.0130173 1 49.8806
-102.165 -156.578 6.12251 26.7979 1966.27 0.0120941 1 49.8808
-95.723 -157.539 6.15475 27.4234 1856.96 0.0110984 1 49.881
-89.665 -158.257 6.18307 27.9834 1762.69 0.0102423 1 49.8911
-84.0373 -158.776 6.20763 28.4815 1680.06 0.0096036 1 49.8913
-78.3006 -159.167 6.23089 28.9695 1601.09 0.00901136 1 49.8916
-72.4601 -159.432 6.25301 29.4474 1527.53 0.00814531 1 49.9037
-65.9216 -159.582 6.27614 29.9619 1448.02 0.00752248 1 49.9038
-59.2695 -159.585 0.014707 30.4648 1372.5 0.00692032 1 49.904
-52.5096 -159.445 0.0351395 30.9564 1300.72 0.00630701 1 49.9041
-46.275 -159.198 0.0526438 31.3938 1238.53 0.00570705 1 49.9042
-39.9597 -158.84 0.0688318 31.8376 1181.55 0.00521396 1 49.925
-32.9204 -158.321 0.0858808 32.2757 1122.24 0.00417434 1 49.925
-25.795 -157.678 0.10127 32.7292 1062.11 0.00308697 1 49.925
-19.241 -156.993 0.113843 33.1268 1011.86 0.00207835 1 49.9154
-12.6171 -156.222 0.124628 33.519 961.619 0.000926248 1 49.9153
-5.92443 -155.375 0.133474 33.9026 913.557 -8.15981e-05 1 49.9153
